455909.557439,5433136.875182
455909.469249,5433137.411036
455909.368222,5433137.997194
455909.271577,5433138.528067
455909.17311,5433139.058435
455909.065003,5433139.647021
455908.964664,5433140.188739
455908.853604,5433140.790112
455908.748624,5433141.34218
455908.631089,5433141.959204
455908.520141,5433142.527291
455908.407525,5433143.106081
455908.283222,5433143.75508
455908.17255,5433144.359902
455908.049743,5433145.040684
455907.933658,5433145.672586
455907.809688,5433146.314703
455907.66145,5433147.035217
455907.523764,5433147.706786
455907.378198,5433148.46742
455907.255718,5433149.177658
455907.114542,5433149.977176
455906.976772,5433150.718565
455906.834058,5433151.47508
455906.670223,5433152.327488
455906.527838,5433153.113725
455906.36479,5433153.996949
455906.218479,5433154.813217
455906.048997,5433155.732049
455905.898484,5433156.581895
455905.743553,5433157.450034
455905.570677,5433158.421872
455905.40753,5433159.320076
455905.232305,5433160.328915
455905.066038,5433161.250034
455904.880081,5433162.269163
455904.708247,5433163.203434
455904.535967,5433164.143671
455904.345022,5433165.186823
455904.16892,5433166.142638
455903.971647,5433167.202165
455903.790403,5433168.172221
455903.607849,5433169.148196
455903.407112,5433170.231944
455903.223816,5433171.224007
455903.018726,5433172.323867
455902.827484,5433173.326492
455902.621826,5433174.438728
455902.442179,5433175.45334
455902.253625,5433176.468778
455902.044204,5433177.58351
455901.851694,5433178.596089
455901.639036,5433179.706963
455901.437271,5433180.71222
455901.212587,5433181.815018
455901.011512,5433182.823266
455900.8138,5433183.834854
455900.596719,5433184.947642
455900.398539,5433185.961619
455900.181282,5433187.074732
455899.978977,5433188.087098
455899.778859,5433189.09523
455899.556798,5433190.207547
455899.349353,5433191.212306
455899.125609,5433192.323038
455898.922665,5433193.33058
455898.706143,5433194.449344
455898.507122,5433195.466371
455898.307441,5433196.485396
455898.086213,5433197.60481
455897.888406,5433198.623317
455897.671168,5433199.743139
455897.470629,5433200.764285
455897.27622,5433201.787064
455897.064348,5433202.913774
455896.87017,5433203.938043
455896.656311,5433205.062031
455896.462658,5433206.085716
455896.250264,5433207.21032
455896.055384,5433208.230753
455895.858446,5433209.245411
455895.640839,5433210.359739
455895.439613,5433211.366811
455895.219418,5433212.4749
455895.019419,5433213.477381
455894.821195,5433214.480599
455894.6036,5433215.580145
455894.405183,5433216.577905
455894.18372,5433217.669296
455893.984766,5433218.6564
455893.768977,5433219.730077
455893.575131,5433220.694469
455893.383355,5433221.645617
455893.176336,5433222.671505
455892.989141,5433223.586323
455892.781981,5433224.569061
455892.597162,5433225.442886
455892.413058,5433226.294035
455892.214742,5433227.20803
455892.034884,5433228.015244
455891.841093,5433228.876594
455891.664836,5433229.635984
455891.476348,5433230.44332
455891.305625,5433231.150476
455891.138883,5433231.829751
455890.959028,5433232.546312
455890.801615,5433233.168974
455890.637022,5433233.82245
455890.495061,5433234.388964
455890.360194,5433234.931284
455890.220618,5433235.505741
455890.102897,5433236.007797
455889.98457,5433236.537428
455889.887876,5433236.999582
455889.789729,5433237.487582
455889.710382,5433237.910938
455889.635519,5433238.360448
455889.575819,5433238.760544
455889.525548,5433239.154742
455889.483961,5433239.581739
455889.460252,5433239.965132
455889.450794,5433240.377319
455889.45597,5433240.74726
455889.478107,5433241.146783
455889.514268,5433241.505663
455889.57204,5433241.891435
455889.639075,5433242.234595
455889.722004,5433242.569149
455889.831271,5433242.92941
455889.948996,5433243.248265
455890.092278,5433243.588771
455890.236573,5433243.888488
455890.409735,5433244.209775
455890.580992,5433244.494963
455890.788329,5433244.802227
455890.993948,5433245.072324
455891.214524,5433245.333435
455891.479944,5433245.609139
455891.74019,5433245.847719
455892.043765,5433246.09684
455892.335409,5433246.309057
455892.674933,5433246.527294
455892.995601,5433246.710604
455893.326283,5433246.880564
455893.702891,5433247.055819
455894.064088,5433247.205113
455894.481905,5433247.359542
455894.879983,5433247.489884
455895.333856,5433247.626647
455895.766373,5433247.744425
455896.218754,5433247.85537
455896.73584,5433247.970936
455897.227066,5433248.071223
455897.735617,5433248.16343
455898.316898,5433248.255873
455898.861673,5433248.342606
455899.484298,5433248.435225
455900.074948,5433248.518098
455900.691407,5433248.59965
455901.383404,5433248.694586
455902.029061,5433248.785644
455902.754712,5433248.890013
455903.429297,5433248.985821
455904.119076,5433249.083072
455904.894255,5433249.192885
455905.613368,5433249.300112
455906.41693,5433249.420188
455907.156952,5433249.52866
455907.900465,5433249.633729
455908.725908,5433249.747627
455909.487814,5433249.852805
455910.333815,5433249.968147
455911.11039,5433250.07156
455911.888011,5433250.179003
455912.750546,5433250.302067
455913.541488,5433250.415327
455914.418757,5433250.540888
455915.218951,5433250.658722
455916.102515,5433250.782549
455916.906696,5433250.897899
455917.705295,5433251.012029
455918.574501,5433251.137806
455919.35672,5433251.247087
455920.21913,5433251.368498
455921.012793,5433251.478436
455921.806605,5433251.589066
455922.666999,5433251.708225
455923.442178,5433251.816492
455924.289858,5433251.934138
455925.058317,5433252.039659
455925.900512,5433252.153936
455926.661996,5433252.258204
455927.419993,5433252.361507
455928.252249,5433252.473788
455929.006408,5433252.575702
455929.826303,5433252.681544
455930.567824,5433252.775574
455931.380417,5433252.875036
455932.118064,5433252.964853
455932.850676,5433253.051253
455933.65165,5433253.147043
455934.367494,5433253.233203
455935.13708,5433253.325433
455935.819723,5433253.408586
455936.560418,5433253.49873
455937.228305,5433253.57886
455937.893687,5433253.65816
455938.624061,5433253.746316
455939.286436,5433253.824346
455940.013362,5433253.91049
455940.664905,5433253.986986
455941.379049,5433254.071933
455942.026873,5433254.148107
455942.670323,5433254.221676
455943.372498,5433254.300762
455944.007748,5433254.369803
455944.703093,5433254.440398
455945.338557,5433254.497642
455946.04254,5433254.55765
455946.689027,5433254.608885
455947.339859,5433254.654561
455948.059029,5433254.699807
455948.720388,5433254.74102
455949.462197,5433254.786899
455950.146008,5433254.827637
455950.913742,5433254.875025
455951.613128,5433254.918889
455952.316617,5433254.960418
455953.099069,5433255.006376
455953.814808,5433255.047415
455954.605945,5433255.09151
455955.32823,5433255.132154
455956.054382,5433255.172551
455956.8476,5433255.227027
455957.566193,5433255.284688
455958.351379,5433255.338673
455959.065242,5433255.388313
455959.851329,5433255.43421
455960.572494,5433255.474367
455961.296416,5433255.512552
455962.095953,5433255.554258
455962.825439,5433255.59077
455963.634035,5433255.631721
455964.371673,5433255.669101
455965.19134,5433255.709355
455965.941373,5433255.740476
455966.696327,5433255.772242
455967.532878,5433255.807035
455968.296544,5433255.836253
455969.142109,5433255.868715
455969.914468,5433255.89581
455970.770319,5433255.923951
455971.554125,5433255.948947
455972.345904,5433255.974695
455973.226169,5433256.002337
455974.031408,5433256.028711
455974.920969,5433256.059655
455975.734681,5433256.087243
455976.636466,5433256.118352
455977.459535,5433256.148185
455978.281229,5433256.178971
455979.182828,5433256.215475
455980.002702,5433256.249206
455980.909217,5433256.291025
455981.740969,5433256.328986
455982.6602,5433256.372142
455983.495678,5433256.411312
455984.329014,5433256.450438
455985.246218,5433256.493114
455986.081416,5433256.534434
455986.998991,5433256.57752
455987.827846,5433256.619183
455988.735079,5433256.661745
455989.557922,5433256.700046
455990.380695,5433256.738883
455991.281716,5433256.782909
455992.092962,5433256.823336
455992.976733,5433256.867478
455993.778339,5433256.906716
455994.579316,5433256.945867
455995.456981,5433256.986635
455996.248929,5433257.023415
455997.112438,5433257.062494
455997.893141,5433257.097127
455998.747699,5433257.13433
455999.519809,5433257.167101
456000.285899,5433257.197853
456001.120046,5433257.229332
456001.875465,5433257.255457
456002.704136,5433257.282192
456003.455806,5433257.304741
456004.277381,5433257.327306
456005.015481,5433257.344587
456005.749265,5433257.360996
456006.560998,5433257.377108
456007.302124,5433257.3861
456008.119541,5433257.396328
456008.854649,5433257.40249
456009.655589,5433257.404935
456010.379518,5433257.408719
456011.101983,5433257.414109
456011.893799,5433257.417969
456012.609417,5433257.419328
456013.394855,5433257.421378
456014.111088,5433257.417226
456014.900097,5433257.408516
456015.611706,5433257.39619
456016.318255,5433257.379486
456017.090338,5433257.354946
456017.788985,5433257.325487
456018.554657,5433257.282273
456019.249294,5433257.235185
456020.012215,5433257.173453
456020.704823,5433257.109658
456021.395898,5433257.038939
456022.153855,5433256.95293
456022.840906,5433256.867359
456023.590187,5433256.769615
456024.272721,5433256.67859
456025.02251,5433256.574031
456025.698374,5433256.476905
456026.370236,5433256.381687
456027.096158,5433256.278633
456027.75252,5433256.186395
456028.474953,5433256.085103
456029.128598,5433255.993333
456029.843341,5433255.893467
456030.484083,5433255.808619
456031.117698,5433255.72459
456031.811487,5433255.633364
456032.439486,5433255.55548
456033.126225,5433255.472841
456033.74463,5433255.401315
456034.357091,5433255.333297
456035.027368,5433255.263007
456035.634767,5433255.199832
456036.296008,5433255.134542
456036.889632,5433255.076656
456037.475221,5433255.023292
456038.112153,5433254.971737
456038.687456,5433254.92762
456039.316839,5433254.884881
456039.886202,5433254.852014
456040.510068,5433254.819516
456041.073499,5433254.798034
456041.633263,5433254.784306
456042.24468,5433254.780791
456042.798801,5433254.787738
456043.404286,5433254.803681
456043.949721,5433254.83234
456044.488918,5433254.872317
456045.078538,5433254.930614
456045.61137,5433254.99184
456046.195595,5433255.07015
456046.72423,5433255.146475
456047.303697,5433255.234679
456047.828145,5433255.309892
456048.351026,5433255.377858
456048.924634,5433255.446518
456049.442535,5433255.49989
456050.008637,5433255.551515
456050.517909,5433255.589364
456051.074403,5433255.622403
456051.576829,5433255.644118
456052.127371,5433255.657524
456052.626067,5433255.660936
456053.169935,5433255.658508
456053.65806,5433255.649081
456054.141687,5433255.63683
456054.670121,5433255.615838
456055.145916,5433255.59204
456055.666095,5433255.562207
456056.136248,5433255.53488
456056.60353,5433255.511426
456057.118048,5433255.484253
456057.582859,5433255.4606
456058.089503,5433255.430716
456058.545687,5433255.4056
456059.051122,5433255.369814
456059.51789,5433255.337852
456059.994839,5433255.302314
456060.529049,5433255.258776
456061.021674,5433255.2137
456061.571952,5433255.158392
456062.0802,5433255.105254
456062.646545,5433255.043507
456063.170163,5433254.982359
456063.700172,5433254.918422
456064.288189,5433254.845448
456064.826329,5433254.775714
456065.42547,5433254.699273
456065.975149,5433254.623793
456066.577843,5433254.536466
456067.127511,5433254.456111
456067.67356,5433254.37651
456068.272752,5433254.289162
456068.813696,5433254.209432
456069.41056,5433254.125463
456069.948306,5433254.050167
456070.485134,5433253.977353
456071.072204,5433253.900132
456071.596897,5433253.835732
456072.163086,5433253.76805
456072.669308,5433253.709585
456073.212069,5433253.649913
456073.69335,5433253.598176
456074.164131,5433253.548743
456074.665872,5433253.499195
456075.105539,5433253.459552
456075.568578,5433253.424302
456075.974832,5433253.399992
456076.371034,5433253.38198
456076.80191,5433253.368986
456077.187736,5433253.366655
456077.608838,5433253.374215
456077.989524,5433253.391711
456078.404176,5433253.424841
456078.775105,5433253.467117
456079.139975,5433253.520716
456079.536041,5433253.590488
456079.89253,5433253.664958
456080.245832,5433253.747845
456080.628355,5433253.852479
456080.969951,5433253.959089
456081.338303,5433254.090634
456081.669853,5433254.222075
456081.999446,5433254.367838
456082.362842,5433254.548461
456082.693519,5433254.728701
456083.051087,5433254.947831
456083.371285,5433255.167265
456083.722456,5433255.431113
456084.039541,5433255.693211
456084.352255,5433255.977824
456084.691615,5433256.31656
456084.995018,5433256.648362
456085.320049,5433257.038643
456085.606844,5433257.419711
456085.885471,5433257.826386
456086.17912,5433258.304437
456086.437036,5433258.762614
456086.70722,5433259.297682
456086.943498,5433259.80671
456087.190705,5433260.394312
456087.405275,5433260.950841
456087.612337,5433261.531764
456087.829796,5433262.190511
456088.01821,5433262.810762
456088.217171,5433263.515057
456088.389104,5433264.174851
456088.570827,5433264.920878
456088.728419,5433265.617357
456088.877022,5433266.330199
456089.029491,5433267.132212
456089.160596,5433267.877015
456089.302773,5433268.709784
456089.429493,5433269.478199
456089.567055,5433270.334421
456089.694869,5433271.128329
456089.839455,5433272.015983
456089.97349,5433272.835883
456090.109885,5433273.667122
456090.265327,5433274.594238
456090.408033,5433275.44519
456090.567648,5433276.389165
456090.712336,5433277.250886
456090.873275,5433278.198775
456091.01783,5433279.060423
456091.169875,5433279.92275
456091.336697,5433280.872555
456091.488712,5433281.736231
456091.652367,5433282.687553
456091.802343,5433283.554478
456091.965918,5433284.509372
456092.128305,5433285.465316
456092.261737,5433286.247539
456092.421738,5433287.204589
456092.567407,5433288.074837
456092.725259,5433289.031463
456092.866683,5433289.90086
456093.007467,5433290.769289
456093.160191,5433291.725082
456093.297493,5433292.593196
456093.446391,5433293.545854
456093.58021,5433294.408791
456093.723882,5433295.353982
456093.852575,5433296.208481
456093.977542,5433297.055424
456094.111176,5433297.979152
456094.229853,5433298.810728
456094.360464,5433299.713599
456094.473783,5433300.52173
456094.579867,5433301.316558
456094.691879,5433302.172912
456094.788938,5433302.935764
456094.893035,5433303.757751
456094.986533,5433304.486363
456095.084828,5433305.270016
456095.167587,5433305.96233
456095.245117,5433306.633842
456095.32072,5433307.345907
456095.385135,5433307.968929
456095.450239,5433308.6268
456095.50623,5433309.201042
456095.56497,5433309.806319
456095.616526,5433310.333727
456095.663131,5433310.843014
456095.712778,5433311.382792
456095.758003,5433311.856263
456095.805669,5433312.363406
456095.846231,5433312.817836
456095.8873,5433313.313224
456095.920535,5433313.761185
456095.948447,5433314.205528
456095.968641,5433314.687914
456095.97558,5433315.118893
456095.971798,5433315.583064
456095.956034,5433315.99916
456095.927196,5433316.411268
456095.880261,5433316.858235
456095.822863,5433317.258678
456095.738313,5433317.689749
456095.646632,5433318.073487
456095.536794,5433318.447562
456095.397786,5433318.850556
456095.254782,5433319.209464
456095.078298,5433319.592287
456094.899136,5433319.927305
456094.703944,5433320.249478
456094.472202,5433320.587992
456094.244886,5433320.878351
456093.975884,5433321.178413
456093.717792,5433321.435153
456093.446698,5433321.675467
456093.133682,5433321.920984
456092.838902,5433322.127348
456092.501307,5433322.329205
456092.186322,5433322.493256
456091.864129,5433322.64007
456091.505389,5433322.77998
456091.172604,5433322.881934
456090.800376,5433322.97516
456090.452176,5433323.042116
456090.06243,5433323.102256
456089.701492,5433323.140903
456089.338799,5433323.166492
456088.935805,5433323.180834
456088.56267,5433323.185275
456088.143772,5433323.181251
456087.756351,5433323.167296
456087.324238,5433323.143109
456086.919863,5433323.113114
456086.461381,5433323.073942
456086.025966,5433323.034553
456085.572484,5433322.991365
456085.05718,5433322.931218
456084.571832,5433322.866133
456084.022891,5433322.779391
456083.509712,5433322.691085
456082.926539,5433322.583891
456082.37791,5433322.479863
456081.755066,5433322.358105
456081.171337,5433322.242384
456080.571372,5433322.122656
456079.890536,5433321.986537
456079.255922,5433321.858472
456078.537967,5433321.717702
456077.868221,5433321.590026
456077.111249,5433321.451722
456076.405431,5433321.330833
456075.608054,5433321.20128
456074.865011,5433321.088098
456074.103958,5433320.980675
456073.247471,5433320.871572
456072.45154,5433320.780207
456071.559598,5433320.687725
456070.73571,5433320.611558
456069.82038,5433320.536955
456068.982234,5433320.474709
456068.1401,5433320.418134
456067.211676,5433320.361619
456066.365502,5433320.314132
456065.431407,5433320.263719
456064.580801,5433320.22059
456063.640785,5433320.172975
456062.7847,5433320.131223
456061.924843,5433320.086868
456060.977569,5433320.040678
456060.11407,5433319.999486
456059.16566,5433319.95763
456058.302396,5433319.919101
456057.440414,5433319.880358
456056.491274,5433319.83632
456055.628267,5433319.797028
456054.678984,5433319.756809
456053.818419,5433319.717158
456052.873029,5433319.673499
456052.013248,5433319.632471
456051.15132,5433319.591792
456050.202403,5433319.546827
456049.339979,5433319.506302
456048.392454,5433319.461205
456047.533338,5433319.422637
456046.590545,5433319.381834
456045.735089,5433319.347651
456044.880747,5433319.314117
456043.942604,5433319.275976
456043.092847,5433319.245368
456042.160315,5433319.210357
456041.314549,5433319.179143
456040.470011,5433319.147942
456039.543057,5433319.114569
456038.702174,5433319.085297
456037.778314,5433319.053815
456036.935719,5433319.025243
456036.005557,5433318.995304
456035.158461,5433318.967764
456034.309784,5433318.94117
456033.372928,5433318.913759
456032.517965,5433318.889048
456031.573469,5433318.863304
456030.711409,5433318.839381
456029.758547,5433318.814694
456028.889614,5433318.794557
456028.017576,5433318.776838
456027.051689,5433318.753082
456026.165924,5433318.734729
456025.192677,5433318.710917
456024.30411,5433318.687503
456023.322234,5433318.66196
456022.425187,5433318.636713
456021.524135,5433318.608371
456020.529169,5433318.572124
456019.620649,5433318.533741
456018.618067,5433318.48818
456017.702877,5433318.442182
456016.783333,5433318.38936
456015.765851,5433318.326605
456014.836441,5433318.266859
456013.809469,5433318.19819
456012.873079,5433318.134344
456011.83944,5433318.063199
456010.898775,5433317.99759
456009.864057,5433317.923963
456008.924137,5433317.85751
456007.984407,5433317.788952
456006.953742,5433317.714361
456006.01735,5433317.644842
456004.98873,5433317.570086
456004.052967,5433317.499565
456003.117109,5433317.430122
456002.088235,5433317.352944
456001.153823,5433317.280716
456000.12485,5433317.198833
455999.190469,5433317.12733
455998.162053,5433317.046863
455997.22854,5433316.97496
455996.293236,5433316.904366
455995.265769,5433316.828174
455994.332116,5433316.758778
455993.304631,5433316.682571
455992.369884,5433316.612045
455991.435714,5433316.541201
455990.408683,5433316.462911
455989.47613,5433316.392045
455988.449709,5433316.314322
455987.51667,5433316.244481
455986.490766,5433316.165635
455985.558676,5433316.094622
455984.627779,5433316.023112
455983.605154,5433315.944596
455982.674117,5433315.872448
455981.649027,5433315.793521
455980.718931,5433315.722825
455979.790645,5433315.653804
455978.769802,5433315.580599
455977.841046,5433315.518742
455976.81902,5433315.451568
455975.889976,5433315.393999
455974.86737,5433315.33372
455973.936782,5433315.28079
455973.005181,5433315.227346
455971.978763,5433315.171919
455971.043159,5433315.122113
455970.013995,5433315.069484
455969.076889,5433315.023507
455968.047341,5433314.97235
455967.110216,5433314.926136
455966.171811,5433314.879615
455965.138502,5433314.829637
455964.198967,5433314.783587
455963.165507,5433314.732082
455962.226766,5433314.683988
455961.285382,5433314.634249
455960.244577,5433314.581549
455959.295639,5433314.533761
455958.25191,5433314.483493
455957.305468,5433314.434369
455956.264551,5433314.381701
455955.315785,5433314.333378
455954.365551,5433314.283481
455953.319864,5433314.226167
455952.367878,5433314.173999
455951.318766,5433314.11113
455950.363956,5433314.051322
455949.409024,5433313.988824
455948.357525,5433313.917744
455947.400177,5433313.8506
455946.345279,5433313.773675
455945.384795,5433313.700849
455944.328581,5433313.620554
455943.367601,5433313.544288
455942.405137,5433313.466783
455941.345723,5433313.380661
455940.382568,5433313.302241
455939.322988,5433313.213936
455938.36012,5433313.133142
455937.399271,5433313.054984
455936.344299,5433312.966361
455935.386357,5433312.884704
455934.334049,5433312.792154
455933.379634,5433312.7086
455932.332899,5433312.613615
455931.383001,5433312.526995
455930.435883,5433312.438517
455929.395661,5433312.338061
455928.455466,5433312.246424
455927.425764,5433312.142151
455926.495315,5433312.044276
455925.566586,5433311.947018
455924.5512,5433311.840735
455923.629765,5433311.741964
455922.619522,5433311.632554
455921.703876,5433311.533392
455920.701654,5433311.424311
455919.791879,5433311.324198
455918.884427,5433311.2229
455917.893305,5433311.11306
455916.999949,5433311.012974
455916.02699,5433310.903563
455915.151917,5433310.801984
455914.285084,5433310.701251
455913.338584,5433310.590065
455912.484715,5433310.486173
455911.552691,5433310.370937
455910.712648,5433310.265293
455909.797854,5433310.148894
455908.976406,5433310.042847
455908.165731,5433309.936759
455907.289077,5433309.818905
455906.506148,5433309.711696
455905.662256,5433309.5958
455904.909502,5433309.492278
455904.094914,5433309.38253
455903.364935,5433309.287443
455902.643837,5433309.197785
455901.858196,5433309.1021
455901.15135,5433309.020084
455900.380363,5433308.931843
455899.684983,5433308.854352
455898.926141,5433308.772142
455898.243905,5433308.70078
455897.568257,5433308.630471
455896.8351,5433308.555841
455896.176502,5433308.487809
455895.461497,5433308.416186
455894.820631,5433308.352555
455894.126491,5433308.285447
455893.507046,5433308.228727
455892.899676,5433308.173515
455892.244193,5433308.117088
455891.663513,5433308.068022
455891.042384,5433308.02098
455890.493531,5433307.980584
455889.908219,5433307.941881
455889.391893,5433307.908649
455888.889984,5433307.880236
455888.352515,5433307.851564
455887.875784,5433307.832633
455887.363415,5433307.814843
455886.908374,5433307.80473
455886.419465,5433307.797757
455885.987504,5433307.798779
455885.568061,5433307.805173
455885.12054,5433307.819087
455884.725785,5433307.837464
455884.302361,5433307.864588
455883.930334,5433307.8949
455883.535718,5433307.936193
455883.190717,5433307.981815
455882.855801,5433308.034986
455882.493581,5433308.101407
455882.168625,5433308.168568
455881.818416,5433308.252004
455881.472826,5433308.347599
455881.164782,5433308.448665
455880.862978,5433308.557985
455880.536209,5433308.688635
455880.24671,5433308.815844
455879.964217,5433308.956823
455879.662011,5433309.117822
455879.391475,5433309.278841
455879.092043,5433309.465365
455878.821055,5433309.652865
455878.524016,5433309.876218
455878.256543,5433310.098276
455877.993932,5433310.335804
455877.710632,5433310.614584
455877.456716,5433310.884193
455877.182138,5433311.20123
455876.938357,5433311.507045
455876.674764,5433311.864897
455876.438497,5433312.210613
455876.183993,5433312.615005
455875.96159,5433313.007977
455875.746577,5433313.423019
455875.52254,5433313.907048
455875.328861,5433314.369157
455875.129472,5433314.902689
455874.955978,5433315.407952
455874.794226,5433315.934549
455874.630324,5433316.536633
455874.494104,5433317.104456
455874.350908,5433317.748007
455874.227743,5433318.350878
455874.110754,5433318.968733
455873.986808,5433319.666565
455873.875623,5433320.318006
455873.755166,5433321.051361
455873.646012,5433321.732533
455873.532436,5433322.426101
455873.40339,5433323.204118
455873.283119,5433323.925135
455873.146202,5433324.73185
455873.017301,5433325.477134
455872.887477,5433326.227962
455872.741297,5433327.061489
455872.610001,5433327.820594
455872.465065,5433328.660739
455872.334228,5433329.424583
455872.199313,5433330.189146
455872.051453,5433331.032063
455871.914727,5433331.800705
455871.763652,5433332.650307
455871.62469,5433333.42683
455871.484872,5433334.206483
455871.331055,5433335.064621
455871.188508,5433335.843795
455871.031883,5433336.699065
455870.889029,5433337.475015
455870.748032,5433338.24956
455870.588552,5433339.097587
455870.443342,5433339.865856
455870.279557,5433340.707841
455870.130077,5433341.470413
455869.964377,5433342.304861
455869.811825,5433343.05962
455869.660066,5433343.809094
455869.494387,5433344.626247
455869.346651,5433345.359976
455869.1902,5433346.156594
455869.048589,5433346.867971
455868.894192,5433347.634615
455868.757094,5433348.314549
455868.620293,5433348.978854
455868.474087,5433349.690334
455868.34565,5433350.319878
455868.20738,5433350.992394
455868.085608,5433351.585068
455867.960382,5433352.158578
455867.827017,5433352.767175
455867.708729,5433353.299898
455867.582757,5433353.863163
455867.471596,5433354.356487
455867.354315,5433354.877025
455867.253843,5433355.330426
455867.160022,5433355.765934
455867.063548,5433356.230469
455866.981113,5433356.646861
455866.899588,5433357.103671
455866.834324,5433357.517308
455866.771232,5433357.971618
455866.7238,5433358.382933
455866.681568,5433358.831039
455866.651763,5433359.233043
455866.634183,5433359.631268
455866.63234,5433360.065367
455866.648608,5433360.456749
455866.684651,5433360.882284
455866.735004,5433361.263569
455866.805314,5433361.676841
455866.886192,5433362.047324
455866.993903,5433362.444719
455867.10414,5433362.796144
455867.239229,5433363.173028
455867.375455,5433363.507469
455867.524925,5433363.839267
455867.715286,5433364.200691
455867.906054,5433364.523834
455868.13319,5433364.869074
455868.353173,5433365.174808
455868.617053,5433365.499393
455868.873298,5433365.787453
455869.146594,5433366.066033
455869.46607,5433366.358636
455869.777045,5433366.614064
455870.141347,5433366.884007
455870.494199,5433367.117418
455870.910381,5433367.363813
455871.309749,5433367.577171
455871.725881,5433367.781255
455872.203298,5433367.990174
455872.656005,5433368.172066
455873.177057,5433368.361318
455873.672312,5433368.525952
455874.191076,5433368.682917
455874.776673,5433368.842711
455875.325107,5433368.981998
455875.944383,5433369.119476
455876.52577,5433369.240048
455877.12659,5433369.351808
455877.807941,5433369.467473
455878.44634,5433369.56653
455879.165291,5433369.668685
455879.834324,5433369.755537
455880.515305,5433369.838839
455881.282756,5433369.929394
455881.996931,5433370.010178
455882.802647,5433370.101634
455883.548068,5433370.187648
455884.305475,5433370.272894
455885.146583,5433370.366873
455885.92245,5433370.456932
455886.773418,5433370.553638
455887.546837,5433370.64635
455888.316484,5433370.739156
455889.164401,5433370.84412
455889.937003,5433370.941183
455890.787604,5433371.052177
455891.561995,5433371.159596
455892.335442,5433371.268764
455893.190145,5433371.393186
455893.973754,5433371.507734
455894.834996,5433371.638141
455895.614986,5433371.760839
455896.392477,5433371.886867
455897.251277,5433372.021808
455898.034149,5433372.149203
455898.898077,5433372.285656
455899.682961,5433372.412263
455900.470577,5433372.535978
455901.334872,5433372.670434
455902.120577,5433372.791081
455902.980544,5433372.927758
455903.763034,5433373.048089
455904.620277,5433373.179508
455905.398226,5433373.296362
455906.174854,5433373.411897
455907.02638,5433373.536453
455907.801089,5433373.647863
455908.650288,5433373.768592
455909.418252,5433373.876482
455910.179004,5433373.984385
455911.012327,5433374.099083
455911.766885,5433374.20477
455912.597416,5433374.31823
455913.349633,5433374.421454
455914.09821,5433374.522729
455914.92021,5433374.633013
455915.666869,5433374.73026
455916.484394,5433374.837423
455917.221871,5433374.932966
455918.028898,5433375.037281
455918.760633,5433375.130654
455919.491104,5433375.224218
455920.293914,5433375.328078
455921.021136,5433375.422135
455921.817911,5433375.526264
455922.539767,5433375.621751
455923.330072,5433375.729003
455924.043616,5433375.824623
455924.751627,5433375.920354
455925.534313,5433376.024857
455926.24896,5433376.117417
455927.022545,5433376.217586
455927.714692,5433376.310519
455928.399803,5433376.400508
455929.156511,5433376.50081
455929.852085,5433376.591504
455930.613722,5433376.692439
455931.300548,5433376.785746
455932.050817,5433376.886811
455932.726393,5433376.980043
455933.398866,5433377.073337
455934.132581,5433377.177375
455934.796216,5433377.270493
455935.524325,5433377.370119
455936.183557,5433377.459353
455936.838176,5433377.546394
455937.554926,5433377.639961
455938.202544,5433377.724295
455938.908642,5433377.817503
455939.545537,5433377.900501
455940.236062,5433377.993246
455940.858914,5433378.077162
455941.47779,5433378.161165
455942.156998,5433378.253865
455942.773048,5433378.3389
455943.448261,5433378.428757
455944.058786,5433378.512585
455944.666043,5433378.593093
455945.332036,5433378.677768
455945.933166,5433378.753919
455946.590794,5433378.835262
455947.186632,5433378.907371
455947.84014,5433378.981366
455948.435658,5433379.049118
455949.034589,5433379.112124
455949.700921,5433379.180025
455950.315611,5433379.234978
455951.00414,5433379.294277
455951.641204,5433379.346404
455952.348967,5433379.400017
455953.000702,5433379.445776
455953.663636,5433379.489575
455954.405918,5433379.536129
455955.093253,5433379.573037
455955.85908,5433379.61254
455956.562158,5433379.644785
455957.351822,5433379.678626
455958.084987,5433379.704876
455958.832857,5433379.729219
455959.673248,5433379.752254
455960.451755,5433379.771208
455961.324214,5433379.791011
455962.130173,5433379.807163
455962.946464,5433379.824243
455963.856735,5433379.845428
455964.698208,5433379.864877
455965.638125,5433379.8861
455966.509755,5433379.909135
455967.481084,5433379.935001
455968.375261,5433379.961428
455969.280234,5433379.99389
455970.287502,5433380.032378
455971.211397,5433380.07388
455972.23492,5433380.127302
455973.177212,5433380.181224
455974.128825,5433380.238445
455975.180284,5433380.307325
455976.132999,5433380.374442
455977.180018,5433380.44816
455978.1379,5433380.519091
455979.104445,5433380.590688
455980.171876,5433380.668802
455981.143441,5433380.741003
455982.208791,5433380.819662
455983.176034,5433380.894446
455984.139261,5433380.968649
455985.194103,5433381.051029
455986.152356,5433381.126279
455987.209819,5433381.211206
455988.172609,5433381.289067
455989.224833,5433381.376772
455990.177121,5433381.458502
455991.129107,5433381.541616
455992.17764,5433381.635893
455993.130385,5433381.723626
455994.171713,5433381.823187
455995.111985,5433381.916496
455996.047873,5433382.010592
455997.075999,5433382.115572
455998.008889,5433382.211617
455999.028749,5433382.320699
455999.951169,5433382.422138
456000.960427,5433382.532382
456001.873987,5433382.630575
456002.783409,5433382.72721
456003.783229,5433382.832859
456004.692399,5433382.928484
456005.687156,5433383.032974
456006.586019,5433383.125403
456007.480158,5433383.214425
456008.461543,5433383.310079
456009.353922,5433383.394074
456010.334013,5433383.482835
456011.22304,5433383.559211
456012.199859,5433383.636785
456013.085551,5433383.703459
456013.975125,5433383.769128
456014.955359,5433383.832281
456015.845835,5433383.88542
456016.82657,5433383.936476
456017.719699,5433383.97243
456018.616221,5433384.000845
456019.599093,5433384.020948
456020.493853,5433384.032611
456021.480917,5433384.03509
456022.380022,5433384.029671
456023.367773,5433384.013751
456024.268028,5433383.990923
456025.172165,5433383.95794
456026.169448,5433383.909723
456027.073602,5433383.856013
456028.068753,5433383.787848
456028.978587,5433383.718137
456029.89048,5433383.644657
456030.891749,5433383.56082
456031.799955,5433383.483699
456032.80128,5433383.400732
456033.709686,5433383.3257
456034.623557,5433383.258247
456035.632034,5433383.188432
456036.547997,5433383.130415
456037.548004,5433383.072607
456038.453744,5433383.027458
456039.445495,5433382.984232
456040.346042,5433382.950507
456041.247823,5433382.921908
456042.241562,5433382.898353
456043.143537,5433382.88387
456044.127759,5433382.873342
456045.017741,5433382.866646
456045.898107,5433382.862101
456046.857704,5433382.860096
456047.717184,5433382.858895
456048.652669,5433382.862538
456049.490303,5433382.870103
456050.307965,5433382.876498
456051.18696,5433382.884738
456051.976742,5433382.891751
456052.838524,5433382.900644
456053.622864,5433382.909504
456054.48574,5433382.920083
456055.27095,5433382.927118
456056.053397,5433382.93436
456056.913384,5433382.941512
456057.695009,5433382.945618
456058.548947,5433382.948165
456059.319243,5433382.948392
456060.156744,5433382.948595
456060.916631,5433382.949432
456061.67846,5433382.952319
456062.51718,5433382.95468
456063.27848,5433382.962153
456064.110529,5433382.974734
456064.861144,5433382.98693
456065.608095,5433383.001582
456066.424009,5433383.020426
456067.163287,5433383.040951
456067.977057,5433383.066284
456068.720094,5433383.092524
456069.534851,5433383.122589
456070.268133,5433383.150127
456070.993084,5433383.178479
456071.776436,5433383.208406
456072.47598,5433383.234928
456073.229724,5433383.265004
456073.899171,5433383.291883
456074.550121,5433383.316967
456075.242561,5433383.343698
456075.844682,5433383.366118
456076.478554,5433383.391087
456077.028299,5433383.409255
456077.607152,5433383.42682
456078.109603,5433383.439591
456078.590115,5433383.455286
456079.097135,5433383.471388
456079.545577,5433383.48286
456080.036829,5433383.487604
456080.473852,5433383.494257
456080.950586,5433383.498547
456081.379306,5433383.505839
456081.842578,5433383.504751
456082.250391,5433383.501451
456082.643002,5433383.497185
456083.05357,5433383.490138
456083.403255,5433383.483958
456083.760663,5433383.473334
456084.069141,5433383.461346
456084.374323,5433383.446637
456084.708187,5433383.431233
456085.011485,5433383.414043
456085.340943,5433383.393769
456085.636181,5433383.371475
456085.956872,5433383.348342
456086.244946,5433383.323344
456086.530412,5433383.298905
456086.840318,5433383.268132
456087.122784,5433383.239532
456087.4371,5433383.203428
456087.7281,5433383.16576
456088.049627,5433383.11612
456088.346466,5433383.067113
456088.647567,5433383.013978
456088.983587,5433382.949663
456089.292342,5433382.886243
456089.639779,5433382.806206
456089.962111,5433382.725872
456090.324767,5433382.627177
456090.662318,5433382.526501
456091.042882,5433382.403055
456091.39573,5433382.277355
456091.755717,5433382.13771
456092.159084,5433381.965763
456092.531776,5433381.794911
456092.945768,5433381.586698
456093.325035,5433381.380802
456093.743441,5433381.132137
456094.123887,5433380.886613
456094.50587,5433380.620814
456094.924324,5433380.305352
456095.302057,5433380.001123
456095.712243,5433379.64604
456096.078955,5433379.300542
456096.475455,5433378.897804
456096.82934,5433378.510972
456097.17818,5433378.107224
456097.55344,5433377.640363
456097.886376,5433377.197093
456098.240029,5433376.687631
456098.552025,5433376.205269
456098.882941,5433375.651122
456099.169513,5433375.12744
456099.437758,5433374.583933
456099.710701,5433373.96926
456099.938896,5433373.394037
456100.165513,5433372.743334
456100.348924,5433372.135411
456100.509797,5433371.51725
456100.662664,5433370.824797
456100.778635,5433370.180981
456100.886074,5433369.457595
456100.966778,5433368.787806
456101.038157,5433368.03986
456101.085476,5433367.351707
456101.117525,5433366.654379
456101.134367,5433365.878023
456101.136913,5433365.165786
456101.124785,5433364.372809
456101.101839,5433363.645751
456101.061842,5433362.909709
456101.00255,5433362.095431
456100.931945,5433361.347348
456100.838077,5433360.51914
456100.737359,5433359.758322
456100.622145,5433358.993604
456100.489789,5433358.14375
456100.366306,5433357.363988
456100.222492,5433356.499515
456100.082797,5433355.710522
456099.935638,5433354.919569
456099.770002,5433354.046545
456099.619551,5433353.249713
456099.449227,5433352.369719
456099.293598,5433351.567945
456099.138312,5433350.763083
456098.969264,5433349.877856
456098.817387,5433349.071732
456098.655928,5433348.18751
456098.514311,5433347.385114
456098.378609,5433346.585541
456098.23468,5433345.708616
456098.110099,5433344.91443
456097.978615,5433344.044099
456097.865928,5433343.258987
456097.749167,5433342.40613
456097.650164,5433341.642849
456097.556682,5433340.892745
456097.459316,5433340.086849
456097.37439,5433339.372495
456097.283405,5433338.608938
456097.203183,5433337.932229
456097.12455,5433337.272
456097.040039,5433336.562324
456096.957601,5433335.870386
456096.882774,5433335.256108
456096.806628,5433334.65766
456096.721428,5433334.015998
456096.642898,5433333.449462
456096.553608,5433332.839508
456096.46826,5433332.293433
456096.377985,5433331.753902
456096.272302,5433331.168649
456096.167639,5433330.646927
456096.042854,5433330.085385
456095.918216,5433329.589485
456095.781814,5433329.107954
456095.617653,5433328.593824
456095.452548,5433328.138411
456095.250009,5433327.65198
456095.047806,5433327.2222
456094.805093,5433326.765455
456094.566883,5433326.365251
456094.287181,5433325.941554
456094.01395,5433325.575821
456093.698385,5433325.191993
456093.396585,5433324.862424
456093.079666,5433324.55001
456092.714075,5433324.228983
456092.366695,5433323.955915
456091.967357,5433323.674705
456091.589068,5433323.436938
456091.156531,5433323.193686
456090.746206,5433322.990046
456090.277079,5433322.786222
456089.835115,5433322.616548
456089.380885,5433322.461768
456088.865593,5433322.304339
456088.381671,5433322.175637
456087.833553,5433322.044935
456087.320461,5433321.935779
456086.73875,5433321.826029
456086.193916,5433321.735033
456085.636159,5433321.64932
456085.00598,5433321.560542
456084.420027,5433321.485937
456083.820688,5433321.417047
456083.146004,5433321.34658
456082.516692,5433321.287672
456081.808643,5433321.229563
456081.149955,5433321.180074
456080.47843,5433321.134411
456079.725571,5433321.084189
456079.02778,5433321.037784
456078.245967,5433320.983334
456077.52237,5433320.932485
456076.787838,5433320.883374
456075.966032,5433320.830076
456075.206228,5433320.781443
456074.356913,5433320.728506
456073.57317,5433320.68109
456072.777819,5433320.633697
456071.890126,5433320.581817
456071.071089,5433320.53438
456070.157771,5433320.483191
456069.315406,5433320.438399
456068.462344,5433320.396107
456067.512984,5433320.352142
456066.639447,5433320.314847
456065.669157,5433320.275621
456064.77845,5433320.241437
456063.792349,5433320.202838
456062.889029,5433320.167182
456061.980976,5433320.130659
456060.978108,5433320.089354
456060.064516,5433320.051417
456059.059419,5433320.009062
456058.144971,5433319.969606
456057.230973,5433319.929818
456056.224412,5433319.88519
456055.308683,5433319.841669
456054.303187,5433319.796797
456053.392543,5433319.754207
456052.393807,5433319.710199
456051.485892,5433319.669322
456050.578803,5433319.63063
456049.583403,5433319.589003
456048.680466,5433319.552033
456047.689469,5433319.512198
456046.790643,5433319.476431
456045.893404,5433319.4416
456044.907706,5433319.403812
456044.012909,5433319.369046
456043.031044,5433319.331355
456042.139809,5433319.296329
456041.160372,5433319.258417
456040.269254,5433319.223773
456039.377896,5433319.189691
456038.396262,5433319.152182
456037.502834,5433319.118544
456036.51812,5433319.082626
456035.621805,5433319.052722
456034.723519,5433319.022957
456033.733601,5433318.992547
456032.831298,5433318.966635
456031.836128,5433318.941151
456030.929325,5433318.91981
456029.927576,5433318.896311
456029.013715,5433318.875764
456028.097459,5433318.858291
456027.083815,5433318.835693
456026.154578,5433318.815372
456025.132369,5433318.790231
456024.198727,5433318.765907
456023.166206,5433318.735156
456022.221447,5433318.703452
456021.270472,5433318.666179
456020.218258,5433318.619826
456019.255989,5433318.572574
456018.192623,5433318.514374
456017.220266,5433318.454272
456016.241454,5433318.389594
456015.158012,5433318.315447
456014.167824,5433318.247481
456013.073987,5433318.16937
456012.074218,5433318.098068
456010.96926,5433318.019167
456009.96034,5433317.947192
456008.948598,5433317.873766
456007.830743,5433317.791982
456006.811164,5433317.716932
456005.686894,5433317.633093
456004.662737,5433317.557165
456003.63783,5433317.479382
456002.508826,5433317.395502
456001.482422,5433317.319627
456000.352716,5433317.236831
455999.326774,5433317.163152
455998.198903,5433317.082151
455997.174502,5433317.009475
455996.149226,5433316.935823
455995.022771,5433316.856055
455993.998098,5433316.783023
455992.871756,5433316.703961
455991.846968,5433316.631754
455990.822673,5433316.558818
455989.697705,5433316.477519
455988.675192,5433316.403063
455987.550389,5433316.32011
455986.526904,5433316.245044
455985.401504,5433316.163189
455984.380235,5433316.089621
455983.357451,5433316.016794
455982.230153,5433315.93858
455981.203689,5433315.870622
455980.07319,5433315.798629
455979.046419,5433315.738602
455978.016444,5433315.681579
455976.88134,5433315.622821
455975.847229,5433315.57324
455974.708157,5433315.523873
455973.670366,5433315.482533
455972.525077,5433315.437997
455971.480549,5433315.400707
455970.433688,5433315.363384
455969.281871,5433315.324134
455968.233264,5433315.288598
455967.077314,5433315.248185
455966.023136,5433315.212071
455964.966815,5433315.174975
455963.801432,5433315.132977
455962.740292,5433315.092285
455961.569185,5433315.045171
455960.498264,5433314.997173
455959.313191,5433314.94242
455958.233074,5433314.887491
455957.152604,5433314.829506
455955.962438,5433314.760671
455954.875061,5433314.695446
455953.674496,5433314.619574
455952.579675,5433314.548078
455951.481488,5433314.473545
455950.267655,5433314.38884
455949.158198,5433314.3102
455947.933536,5433314.219085
455946.817497,5433314.134779
455945.699567,5433314.047061
455944.467684,5433313.94798
455943.349534,5433313.853911
455942.117417,5433313.749159
455940.998929,5433313.651204
455939.770482,5433313.54077
455938.6571,5433313.438667
455937.544745,5433313.335261
455936.324683,5433313.219792
455935.216964,5433313.11457
455934.001256,5433312.996519
455932.897742,5433312.889345
455931.796237,5433312.779962
455930.588012,5433312.660419
455929.490857,5433312.548388
455928.290443,5433312.426957
455927.204005,5433312.31496
455926.125127,5433312.203342
455924.94056,5433312.078452
455923.871115,5433311.962423
455922.70158,5433311.83509
455921.646922,5433311.718365
455920.498147,5433311.590513
455919.464778,5433311.47224
455918.441924,5433311.353674
455917.331303,5433311.22391
455916.336636,5433311.105602
455915.259422,5433310.976982
455914.296163,5433310.859357
455913.347161,5433310.741493
455912.320989,5433310.610555
455911.401673,5433310.493936
455910.407624,5433310.365612
455909.518947,5433310.250679
455908.560862,5433310.124907
455907.706618,5433310.011997
455906.869062,5433309.901754
455905.963272,5433309.783569
455905.155609,5433309.680359
455904.280678,5433309.572471
455903.498154,5433309.480056
455902.648743,5433309.38644
455902.114831,5433309.331004
455901.37647,5433309.3123
455900.638123,5433309.293593
455899.899791,5433309.274884
455899.161472,5433309.256172
455898.423168,5433309.237457
455897.684879,5433309.21874
455896.946604,5433309.20002
455896.208343,5433309.181297
455895.470096,5433309.162572
455894.731863,5433309.143843
455893.993645,5433309.125111
455893.255441,5433309.106376
455892.517251,5433309.087639
455891.779075,5433309.068898
455891.040913,5433309.050153
455890.57198,5433309.049715
455890.000572,5433309.04605
455889.392273,5433309.040916
455888.859555,5433309.032994
455888.345787,5433309.022488
455887.803484,5433309.007267
455887.333898,5433308.99334
455886.841943,5433308.976135
455886.419292,5433308.959839
455886.020138,5433308.94213
455885.611891,5433308.918938
455885.265578,5433308.899053
455884.913272,5433308.877136
455884.615031,5433308.857951
455884.311657,5433308.83874
455884.056418,5433308.823399
455883.819237,5433308.808972
455883.573032,5433308.794169
455883.358649,5433308.781755
455883.128881,5433308.767011
455882.927127,5433308.75398
455882.712746,5433308.740128
455882.520955,5433308.727457
455882.329239,5433308.713443
455882.118726,5433308.696464
455881.928304,5433308.680911
455881.71967,5433308.66477
455881.530861,5433308.649924
455881.342168,5433308.633639
455881.134263,5433308.613973
455880.945933,5433308.595222
455880.739466,5433308.574214
455880.548698,5433308.555105
455880.319408,5433308.531398
455880.094805,5433308.508108
455879.852467,5433308.481127
455879.568593,5433308.44954
455879.292176,5433308.417815
455878.969406,5433308.380666
455878.657444,5433308.342639
455878.293613,5433308.2983
455877.940356,5433308.253809
455877.566471,5433308.20616
455877.13265,5433308.151865
455876.71619,5433308.100423
455876.235052,5433308.041012
455875.77728,5433307.985293
455875.252707,5433307.919491
455874.758481,5433307.859686
455874.24709,5433307.797705
455873.659626,5433307.727662
455873.106334,5433307.663038
455872.476364,5433307.587155
455871.884646,5433307.513109
455871.27354,5433307.43568
455870.581913,5433307.349088
455869.935656,5433307.265873
455869.207183,5433307.167464
455868.523841,5433307.077803
455867.75274,5433306.97423
455867.037031,5433306.877107
455866.309242,5433306.777023
455865.492166,5433306.664373
455864.73345,5433306.559504
455863.878373,5433306.441695
455863.084418,5433306.328795
455862.194172,5433306.199514
455861.37297,5433306.078994
455860.543113,5433305.955805
455859.616973,5433305.818266
455858.762154,5433305.692123
455857.811135,5433305.550227
455856.934507,5433305.4187
455855.95394,5433305.277142
455855.051783,5433305.144898
455854.140094,5433305.014773
455853.126886,5433304.872725
455852.194296,5433304.746385
455851.160042,5433304.606745
455850.211107,5433304.480191
455849.256637,5433304.353289
455848.198332,5433304.215418
455847.230208,5433304.089329
455846.159372,5433303.950944
455845.181107,5433303.822568
455844.099672,5433303.683142
455843.109445,5433303.551419
455842.113891,5433303.419122
455841.01528,5433303.272908
455840.016466,5433303.13747
455838.912075,5433302.989313
455837.902933,5433302.851251
455836.790707,5433302.70227
455835.779009,5433302.566838
455834.763893,5433302.43172
455833.649198,5433302.282755
455832.634349,5433302.146945
455831.519812,5433301.996541
455830.507583,5433301.863588
455829.498233,5433301.728815
455828.388516,5433301.579058
455827.380307,5433301.442063
455826.266722,5433301.291676
455825.251146,5433301.153636
455824.233706,5433301.016572
455823.11482,5433300.865863
455822.099514,5433300.72903
455820.982601,5433300.578949
455819.965682,5433300.440911
455818.845874,5433300.291795
455817.827326,5433300.155015
455816.807073,5433300.019464
455815.685972,5433299.868158
455814.668605,5433299.730519
455813.549496,5433299.577234
455812.531368,5433299.437034
455811.407833,5433299.281423
455810.384049,5433299.139961
455809.359896,5433298.996519
455808.235083,5433298.836722
455807.21367,5433298.689748
455806.08833,5433298.531518
455805.060874,5433298.387042
455804.032823,5433298.241278
455802.903655,5433298.079001
455801.877236,5433297.928011
455800.746573,5433297.757322
455799.71568,5433297.601094
455798.583694,5433297.425122
455797.55336,5433297.259901
455796.524071,5433297.093126
455795.388567,5433296.907782
455794.359432,5433296.73706
455793.227546,5433296.547859
455792.200582,5433296.368159
455791.172048,5433296.187813
455790.038486,5433295.985206
455789.003308,5433295.79786
455787.863692,5433295.589358
455786.829764,5433295.397959
455785.795876,5433295.202289
455784.660529,5433294.982835
455783.627093,5433294.782531
455782.490161,5433294.555696
455781.456166,5433294.345025
455780.318125,5433294.108929
455779.282194,5433293.893712
455778.24549,5433293.673251
455777.104442,5433293.430455
455776.069981,5433293.204244
455774.929299,5433292.956696
455773.891466,5433292.727459
455772.853143,5433292.499631
455771.713445,5433292.247311
455770.675916,5433292.016767
455769.531306,5433291.758821
455768.489015,5433291.524476
455767.447273,5433291.288498
455766.299586,5433291.026537
455765.254627,5433290.787705
455764.104963,5433290.524131
455763.061178,5433290.283984
455761.907791,5433290.019441
455760.857744,5433289.781491
455759.804707,5433289.545145
455758.648399,5433289.281548
455757.594018,5433289.044073
455756.437302,5433288.781538
455755.382359,5433288.542041
455754.32569,5433288.301038
455753.162493,5433288.036137
455752.102343,5433287.793484
455750.93289,5433287.525691
455749.868835,5433287.280239
455748.699007,5433287.011605
455747.635005,5433286.766319
455746.569149,5433286.520688
455745.396002,5433286.248923
455744.328868,5433286.001208
455743.150782,5433285.729925
455742.080927,5433285.484894
455741.010097,5433285.240653
455739.831322,5433284.96873
455738.760664,5433284.720454
455737.587191,5433284.446715
455736.519853,5433284.197532
455735.451574,5433283.948048
455734.276074,5433283.673329
455733.208646,5433283.423547
455732.036723,5433283.14809
455730.972369,5433282.89769
455729.802426,5433282.62021
455728.741653,5433282.368571
455727.683237,5433282.117445
455726.521153,5433281.841011
455725.463326,5433281.589364
455724.300534,5433281.315524
455723.246245,5433281.065341
455722.201847,5433280.815961
455721.059852,5433280.544778
455720.02358,5433280.296597
455718.885158,5433280.029599
455717.853145,5433279.786703
455716.821195,5433279.542121
455715.693072,5433279.276199
455714.674232,5433279.037671
455713.567786,5433278.775986
455712.567559,5433278.53781
455711.469728,5433278.278709
455710.476886,5433278.042782
455709.490351,5433277.810877
455708.412086,5433277.554924
455707.442109,5433277.325716
455706.38786,5433277.072935
455705.4366,5433276.844451
455704.490868,5433276.615577
455703.454185,5433276.366424
455702.514187,5433276.143185
455701.488881,5433275.894101
455700.561857,5433275.67078
455699.63801,5433275.449118
455698.629475,5433275.207014
455697.721846,5433274.98982
455696.727928,5433274.752175
455695.827071,5433274.537936
455694.843718,5433274.307358
455693.958157,5433274.099877
455693.077893,5433273.89159
455692.115503,5433273.664555
455691.246226,5433273.457978
455690.295396,5433273.23097
455689.436658,5433273.022563
455688.582643,5433272.810395
455687.651042,5433272.57748
455686.806501,5433272.360397
455685.88089,5433272.12138
455685.045683,5433271.902315
455684.210697,5433271.676514
455683.300936,5433271.427045
455682.482474,5433271.191881
455681.590938,5433270.929845
455680.785675,5433270.686649
455679.903492,5433270.415373
455679.106595,5433270.166036
455678.317068,5433269.914127
455677.457408,5433269.634975
455676.682223,5433269.3812
455675.834786,5433269.102989
455675.066497,5433268.852138
455674.306426,5433268.598815
455673.47495,5433268.321815
455672.729258,5433268.075337
455671.914198,5433267.810717
455671.187144,5433267.577134
455670.398906,5433267.334312
455669.691148,5433267.124227
455668.918135,5433266.907378
455668.220855,5433266.724887
455667.531322,5433266.55289
455666.782872,5433266.376353
455666.110804,5433266.227096
455665.382983,5433266.074724
455664.730466,5433265.947289
455664.018689,5433265.819566
455663.379117,5433265.716162
455662.74762,5433265.622487
455662.061134,5433265.534112
455661.447098,5433265.464255
455660.784003,5433265.40094
455660.191157,5433265.352842
455659.553427,5433265.313127
455658.986344,5433265.28371
455658.427721,5433265.262292
455657.824581,5433265.249396
455657.285673,5433265.24301
455656.706872,5433265.243181
455656.189473,5433265.248297
455655.68336,5433265.259716
455655.13613,5433265.275239
455654.649469,5433265.288857
455654.125035,5433265.303001
455653.659674,5433265.311114
455653.202928,5433265.319441
455652.71249,5433265.325332
455652.279062,5433265.325635
455651.817937,5433265.318235
455651.413746,5433265.305267
455651.021599,5433265.284077
455650.604623,5433265.252113
455650.237292,5433265.214249
455649.848876,5433265.162676
455649.508353,5433265.10681
455649.180605,5433265.040718
455648.83157,5433264.956145
455648.523271,5433264.869545
455648.193381,5433264.761032
455647.900356,5433264.653951
455647.616261,5433264.535595
455647.311909,5433264.396981
455647.044268,5433264.261586
455646.759025,5433264.102809
455646.510451,5433263.950668
455646.273285,5433263.787603
455646.021121,5433263.604433
455645.800546,5433263.428477
455645.565397,5433263.232151
455645.361257,5433263.044559
455645.14218,5433262.838166
455644.952652,5433262.641687
455644.766933,5433262.440271
455644.565228,5433262.212188
455644.382358,5433261.999775
455644.182198,5433261.761262
455643.999777,5433261.543489
455643.806206,5433261.295714
455643.632023,5433261.068906
455643.459666,5433260.838481
455643.270728,5433260.577239
455643.099343,5433260.335664
455642.918277,5433260.061229
455642.757633,5433259.806088
455642.603962,5433259.542333
455642.43913,5433259.243719
455642.294302,5433258.963617
455642.138976,5433258.645753
455642.005233,5433258.346838
455641.865179,5433258.007989
455641.741897,5433257.688102
455641.622148,5433257.35534
455641.50011,5433256.975764
455641.394071,5433256.615336
455641.286563,5433256.200941
455641.199232,5433255.806593
455641.118224,5433255.394507
455641.043596,5433254.914788
455640.981855,5433254.463274
455640.9232,5433253.949584
455640.874407,5433253.463279
455640.824152,5433252.903336
455640.779808,5433252.370755
455640.739149,5433251.815859
455640.699637,5433251.17806
455640.666499,5433250.577188
455640.643308,5433249.886005
455640.632812,5433249.232531
455640.634838,5433248.481324
455640.647643,5433247.774875
455640.670474,5433247.043585
455640.701616,5433246.216235
455640.737782,5433245.440312
455640.78875,5433244.561654
455640.841462,5433243.740046
455640.907725,5433242.8132
455640.971285,5433241.94841
455641.035855,5433241.063698
455641.111769,5433240.065992
455641.183351,5433239.137527
455641.266057,5433238.089016
455641.345495,5433237.114195
455641.438413,5433236.016367
455641.521751,5433234.996736
455641.608886,5433233.95587
455641.708305,5433232.785833
455641.805503,5433231.699443
455641.917715,5433230.479756
455642.024795,5433229.356558
455642.145539,5433228.113731
455642.259196,5433226.983871
455642.366732,5433225.856681
455642.485448,5433224.620417
455642.595983,5433223.498983
455642.720904,5433222.264927
455642.839953,5433221.143742
455642.962497,5433220.022519
455643.101194,5433218.787543
455643.227533,5433217.665499
455643.368753,5433216.429773
455643.499637,5433215.306875
455643.646486,5433214.073607
455643.783003,5433212.953999
455643.92128,5433211.838605
455644.073408,5433210.613373
455644.214108,5433209.501845
455644.369188,5433208.281412
455644.509694,5433207.174567
455644.649994,5433206.070307
455644.806904,5433204.857635
455644.951428,5433203.756553
455645.110924,5433202.54787
455645.25655,5433201.452491
455645.41684,5433200.251087
455645.565224,5433199.161719
455645.717062,5433198.074662
455645.884981,5433196.882194
455646.036452,5433195.801817
455646.204438,5433194.61652
455646.361889,5433193.540561
455646.52001,5433192.467044
455646.695546,5433191.29006
455646.852768,5433190.2235
455647.022702,5433189.053681
455647.174522,5433187.994878
455647.323463,5433186.937347
455647.487513,5433185.777774
455647.63219,5433184.72577
455647.783314,5433183.57319
455647.91484,5433182.525436
455648.057026,5433181.374834
455648.186875,5433180.330592
455648.312768,5433179.287614
455648.450278,5433178.141333
455648.573963,5433177.100334
455648.699966,5433175.958573
455648.812433,5433174.920012
455648.924741,5433173.879397
455649.053431,5433172.733202
455649.173271,5433171.68987
455649.305306,5433170.541916
455649.426244,5433169.498494
455649.556326,5433168.35486
455649.673583,5433167.317742
455649.786581,5433166.280903
455649.911728,5433165.139736
455650.026876,5433164.106788
455650.155941,5433162.973896
455650.275308,5433161.945549
455650.396913,5433160.919531
455650.532384,5433159.792984
455650.65628,5433158.772061
455650.794079,5433157.651915
455650.920183,5433156.636616
455651.061463,5433155.522884
455651.190211,5433154.511875
455651.320252,5433153.502565
455651.465612,5433152.397954
455651.598921,5433151.394411
455651.744912,5433150.294042
455651.87963,5433149.295082
455652.012041,5433148.299909
455652.156466,5433147.207792
455652.286108,5433146.217569
455652.428181,5433145.130091
455652.555784,5433144.14471
455652.693058,5433143.062723
455652.816107,5433142.082152
455652.934658,5433141.104781
455653.062317,5433140.027057
455653.174567,5433139.050192
455653.295315,5433137.97908
455653.402751,5433137.008856
455653.518525,5433135.941904
455653.622382,5433134.97442
455653.723272,5433134.00844
455653.83317,5433132.949508
455653.930228,5433131.989537
455654.037592,5433130.937511
455654.136147,5433129.982122
455654.235998,5433129.030269
455654.347154,5433127.9855
455654.45006,5433127.039681
455654.569364,5433126.003217
455654.684948,5433125.065148
455654.808782,5433124.130916
455654.955524,5433123.106847
455655.098061,5433122.180604
455655.266971,5433121.166555
455655.428716,5433120.248582
455655.59955,5433119.335782
455655.796931,5433118.337226
455655.991555,5433117.432851
455656.222637,5433116.44214
455656.44638,5433115.546612
455656.684443,5433114.657232
455656.964524,5433113.686044
455657.239658,5433112.80847
455657.562885,5433111.849643
455657.87641,5433110.982176
455658.207327,5433110.119259
455658.593904,5433109.176384
455658.96413,5433108.324601
455659.392865,5433107.395391
455659.804104,5433106.555255
455660.23783,5433105.721061
455660.740372,5433104.811144
455661.220898,5433103.992081
455661.773633,5433103.099845
455662.299167,5433102.297157
455662.842436,5433101.502781
455663.46725,5433100.640193
455664.057591,5433099.864638
455664.7308,5433099.022377
455665.357546,5433098.265745
455666.069145,5433097.443864
455666.737709,5433096.702185
455667.423873,5433095.967882
455668.196469,5433095.167846
455668.912613,5433094.445342
455669.715549,5433093.653205
455670.454635,5433092.934753
455671.200759,5433092.216708
455672.030566,5433091.424461
455672.789028,5433090.701804
455673.632542,5433089.90415
455674.406632,5433089.176216
455675.263469,5433088.372573
455676.046341,5433087.640623
455676.909108,5433086.833728
455677.691959,5433086.099218
455678.473182,5433085.363028
455679.328009,5433084.550424
455680.100474,5433083.808165
455680.943429,5433082.987241
455681.70327,5433082.236635
455682.455403,5433081.483296
455683.272813,5433080.650126
455684.010095,5433079.888909
455684.812545,5433079.046288
455685.533504,5433078.275743
455686.316324,5433077.42275
455687.02159,5433076.645578
455687.721052,5433075.866514
455688.486778,5433075.009959
455689.178717,5433074.232938
455689.93517,5433073.380745
455690.618691,5433072.60847
455691.297264,5433071.836987
455692.040216,5433070.989888
455692.712715,5433070.223361
455693.445924,5433069.383681
455694.110343,5433068.623574
455694.772514,5433067.864522
455695.496986,5433067.033032
455696.151433,5433066.281578
455696.865586,5433065.459774
455697.509606,5433064.717801
455698.14607,5433063.983886
455698.835481,5433063.192394
455699.449905,5433062.490492
455700.111817,5433061.741231
455700.700456,5433061.081281
455701.274551,5433060.443723
455701.890918,5433059.768016
455702.438182,5433059.176507
455703.027967,5433058.550792
455703.551573,5433058.006636
455704.059058,5433057.484159
455704.597728,5433056.935078
455705.073792,5433056.457968
455705.580873,5433055.956645
455706.029673,5433055.519073
455706.465956,5433055.099141
455706.934579,5433054.655556
455707.350048,5433054.270194
455707.797987,5433053.862066
455708.20017,5433053.505964
455708.638309,5433053.128926
455709.032384,5433052.800844
455709.421878,5433052.484229
455709.846333,5433052.151449
455710.225668,5433051.864036
455710.636702,5433051.567255
455711.003211,5433051.313955
455711.364759,5433051.078559
455711.751488,5433050.84101
455712.091783,5433050.644844
455712.448982,5433050.453785
455712.757848,5433050.300483
455713.051007,5433050.166702
455713.352349,5433050.036645
455713.61597,5433049.931532
455713.903047,5433049.823007
455714.166064,5433049.73318
455714.431493,5433049.650604
455714.724041,5433049.571147
455714.987592,5433049.508977
455715.275156,5433049.449492
455715.535699,5433049.403132
455715.795588,5433049.364088
455716.082818,5433049.330285
455716.350142,5433049.305785
455716.655376,5433049.286906
455716.943722,5433049.275667
455717.273279,5433049.273472
455717.583515,5433049.27975
455717.904127,5433049.294823
455718.267094,5433049.319992
455718.608408,5433049.352627
455718.998341,5433049.400456
455719.365894,5433049.457525
455719.745297,5433049.528799
455720.178967,5433049.622713
455720.591173,5433049.72467
455721.065092,5433049.85392
455721.514068,5433049.989517
455722.024312,5433050.154924
455722.506152,5433050.323269
455723.003644,5433050.506343
455723.567743,5433050.731071
455724.094776,5433050.955017
455724.692986,5433051.226627
455725.254092,5433051.49687
455725.827639,5433051.789774
455726.472253,5433052.141743
455727.064894,5433052.486338
455727.718506,5433052.896163
455728.318263,5433053.295445
455728.97978,5433053.763859
455729.587281,5433054.217357
455730.202461,5433054.696917
455730.884892,5433055.252448
455731.509848,5433055.782378
455732.201202,5433056.390242
455732.833743,5433056.964473
455733.537046,5433057.617009
455734.185665,5433058.226528
455734.844344,5433058.848511
455735.580906,5433059.54522
455736.258462,5433060.185697
455737.013138,5433060.899465
455737.710482,5433061.556805
455738.494254,5433062.291292
455739.219504,5433062.968035
455740.030957,5433063.723213
455740.779589,5433064.415798
455741.538805,5433065.117046
455742.384205,5433065.896735
455743.16468,5433066.61089
455744.035901,5433067.403764
455744.844551,5433068.131043
455745.749536,5433068.938215
455746.582463,5433069.673564
455747.422138,5433070.412057
455748.358735,5433071.224106
455749.222056,5433071.963638
455750.185614,5433072.777534
455751.071232,5433073.51536
455751.962147,5433074.248988
455752.946641,5433075.051217
455753.848256,5433075.775444
455754.848867,5433076.566643
455755.76795,5433077.280198
455756.788142,5433078.057488
455757.719277,5433078.755035
455758.655045,5433079.444322
455759.686526,5433080.197429
455760.627582,5433080.876424
455761.661924,5433081.616339
455762.592379,5433082.284396
455763.522779,5433082.952389
455764.552015,5433083.683239
455765.492072,5433084.346968
455766.520703,5433085.076251
455767.455526,5433085.738949
455768.390392,5433086.401569
455769.418915,5433087.129825
455770.352574,5433087.791643
455771.383104,5433088.522735
455772.324069,5433089.187339
455773.267409,5433089.853487
455774.307138,5433090.585638
455775.250614,5433091.249318
455776.288179,5433091.976559
455777.228785,5433092.634756
455778.168559,5433093.294207
455779.204689,5433094.018963
455780.146717,5433094.677444
455781.181217,5433095.399561
455782.11681,5433096.052111
455783.047379,5433096.702698
455784.065495,5433097.417108
455784.988573,5433098.066964
455786.002421,5433098.781386
455786.920482,5433099.428976
455787.83271,5433100.075595
455788.828414,5433100.783851
455789.732062,5433101.424266
455790.731564,5433102.125579
455791.641747,5433102.753369
455792.542358,5433103.373211
455793.529416,5433104.042684
455794.431525,5433104.64344
455795.436126,5433105.294102
455796.361131,5433105.874881
455797.38213,5433106.503351
455798.309147,5433107.064031
455799.236401,5433107.616373
455800.264737,5433108.217116
455801.210063,5433108.762116
455802.251184,5433109.34995
455803.18902,5433109.880208
455804.125445,5433110.406498
455805.164827,5433110.975831
455806.115262,5433111.492166
455807.164529,5433112.058767
455808.119682,5433112.571649
455809.073688,5433113.084587
455810.124968,5433113.646274
455811.078218,5433114.155324
455812.122642,5433114.712618
455813.06864,5433115.215322
455814.113654,5433115.761515
455815.077662,5433116.25142
455816.048272,5433116.733423
455817.117975,5433117.255265
455818.092201,5433117.721408
455819.167212,5433118.225918
455820.147667,5433118.675701
455821.131106,5433119.117219
455822.218797,5433119.593927
455823.213083,5433120.022261
455824.310796,5433120.484574
455825.311251,5433120.897755
455826.415448,5433121.346255
455827.420311,5433121.749314
455828.423709,5433122.147147
455829.526314,5433122.580375
455830.53111,5433122.97048
455831.638209,5433123.396577
455832.643107,5433123.780356
455833.644106,5433124.160273
455834.742434,5433124.571447
455835.740118,5433124.942442
455836.839273,5433125.345608
455837.837533,5433125.709561
455838.833266,5433126.070842
455839.925785,5433126.465632
455840.917765,5433126.822792
455842.009176,5433127.212341
455843.002548,5433127.564594
455843.996467,5433127.912865
455845.086852,5433128.292777
455846.073677,5433128.636202
455847.156551,5433129.011876
455848.14019,5433129.350063
455849.125032,5433129.685076
455850.207987,5433130.050139
455851.189067,5433130.379538
455852.263084,5433130.739701
455853.234472,5433131.063478
455854.301973,5433131.417001
455855.271499,5433131.733589
455856.238105,5433132.047062
455857.298239,5433132.388783
455858.262564,5433132.695208
455859.324333,5433133.029779
455860.287414,5433133.329265
455861.243745,5433133.624947
455862.291046,5433133.94632
455863.241632,5433134.234609
455864.28694,5433134.549033
455865.235518,5433134.831618
455866.18177,5433135.111016
455867.219899,5433135.413507
455868.159739,5433135.687104
455869.187141,5433135.982346
455870.114365,5433136.249147
455871.034414,5433136.511019
455872.036781,5433136.795992
455872.940167,5433137.049799
455873.922122,5433137.325043
455874.802644,5433137.569878
455875.66986,5433137.810652
455876.612547,5433138.070269
455877.46018,5433138.302838
455878.384957,5433138.553632
455879.216425,5433138.779821
455880.036602,5433139.001055
455880.919865,5433139.239625
455881.704935,5433139.44853
455882.547313,5433139.67212
455883.294961,5433139.870298
455884.024457,5433140.061877
455884.806479,5433140.267387
455885.501962,5433140.44814
455886.248749,5433140.645033
455886.91109,5433140.818672
455887.621446,5433141.007343
455888.249584,5433141.175987
455888.860442,5433141.339089
455889.513728,5433141.51388
455890.090857,5433141.667837
455890.712164,5433141.829263
455891.262963,5433141.971521
455891.800069,5433142.108009
455892.374542,5433142.251533
455892.880436,5433142.376047
455893.411545,5433142.505417
455893.874563,5433142.619564
455894.359862,5433142.736689
455894.777352,5433142.841228
455895.168922,5433142.93707
455895.575317,5433143.038234
455895.924035,5433143.12324
455896.286228,5433143.212238
455896.59327,5433143.287618
455896.883145,5433143.361659
455897.186817,5433143.438703
455897.450989,5433143.508664
455897.731512,5433143.586363
455897.976992,5433143.65726
455898.214728,5433143.729591
455898.469467,5433143.813363
455898.697265,5433143.892891
455898.942621,5433143.986427
455899.16161,5433144.075723
455899.375497,5433144.166
455899.594973,5433144.261902
455899.766933,5433144.339704
455899.914454,5433144.407819
455900.007525,5433144.454591
455900.073567,5433144.4897
455900.107265,5433144.50831
455900.114809,5433144.513817
455900.099055,5433144.509838
455900.086648,5433144.508361
455900.083717,5433144.511292
455900.083912,5433144.512014
455900.083756,5433144.51098
455900.085706,5433144.511662
455900.087768,5433144.512336
455900.087242,5433144.50932
455900.086724,5433144.506504
455900.089184,5433144.503613
455900.09036,5433144.500737
455900.089799,5433144.498317
455900.090869,5433144.496089
455900.093943,5433144.494239
455900.094922,5433144.492005
455900.096467,5433144.489126
455900.097695,5433144.487303
455900.100757,5433144.484771
455900.101902,5433144.482425
455900.104418,5433144.480433
455900.106212,5433144.479461
455900.108406,5433144.47812
455900.110232,5433144.476903
455900.113095,5433144.475634
455900.114768,5433144.47441
455900.116157,5433144.472956
455900.118249,5433144.471738
455900.120027,5433144.470814
455900.12215,5433144.468708
455900.123828,5433144.467795
455900.125804,5433144.466155
455900.127229,5433144.465245
455900.129361,5433144.463874
455900.130842,5433144.463114
455900.132863,5433144.46124
455900.134269,5433144.459865
455900.13575,5433144.45971
455900.13704,5433144.458963
455900.138288,5433144.4579
455900.139178,5433144.457297
455900.140052,5433144.457034
455900.140567,5433144.456514
455900.141187,5433144.455654
455900.141893,5433144.45451
455900.142257,5433144.453303
455900.142883,5433144.451747
455900.143643,5433144.450608
455900.144439,5433144.44972
455900.145076,5433144.449084
455900.145557,5433144.44839
455900.145969,5433144.447832
455900.145938,5433144.448185
455900.146023,5433144.447566
455900.14617,5433144.447529
455900.146494,5433144.447333
455900.146491,5433144.447331
455900.146518,5433144.447309
455900.146306,5433144.448384
455900.146663,5433144.448255
455900.147235,5433144.448028
455900.146908,5433144.449169
455900.146821,5433144.451887
455900.149073,5433144.454644
455900.154102,5433144.458385
455900.163044,5433144.464675
455900.17371,5433144.472738
455900.18772,5433144.483571
455900.202466,5433144.493633
455900.220835,5433144.506104
455900.240932,5433144.518659
455900.268018,5433144.537698
455900.313598,5433144.565652
455900.373007,5433144.601689
455900.461543,5433144.652427
455900.562865,5433144.712253
455900.68338,5433144.78358
455900.835958,5433144.879152
455900.995015,5433144.98115
455901.190403,5433145.112957
455901.385432,5433145.250814
455901.593696,5433145.4089
455901.836483,5433145.604505
455902.064452,5433145.802458
455902.323406,5433146.046121
455902.564237,5433146.289312
455902.806858,5433146.555359
455903.073815,5433146.874775
455903.314758,5433147.191862
455903.548411,5433147.532981
455903.794136,5433147.937442
455904.013843,5433148.332169
455904.25013,5433148.799772
455904.453335,5433149.255658
455904.644827,5433149.736404
455904.827293,5433150.300177
455904.983212,5433150.839266
455905.138858,5433151.470488
455905.26524,5433152.071258
455905.369181,5433152.698406
455905.464241,5433153.413848
455905.530351,5433154.092526
455905.58216,5433154.864301
455905.603375,5433155.586866
455905.604712,5433156.40328
455905.580216,5433157.165041
455905.534963,5433157.946349
455905.460205,5433158.824358
455905.372374,5433159.643925
455905.253946,5433160.56499
455905.129566,5433161.421726
455904.977201,5433162.384286
455904.827781,5433163.280684
455904.653523,5433164.288764
455904.489017,5433165.225886
455904.317671,5433166.181524
455904.120997,5433167.256122
455903.939245,5433168.255698
455903.736081,5433169.379738
455903.55142,5433170.421174
455903.343936,5433171.585803
455903.150796,5433172.658948
455902.951775,5433173.737334
455902.732599,5433174.928329
455902.531186,5433176.008399
455902.309021,5433177.199206
455902.104974,5433178.27948
455901.877844,5433179.469538
455901.666253,5433180.545851
455901.452883,5433181.621963
455901.219511,5433182.805421
455901.010786,5433183.88157
455900.778266,5433185.064153
455900.566409,5433186.135366
455900.35646,5433187.203046
455900.123556,5433188.373122
455899.911241,5433189.43506
455899.679223,5433190.600397
455899.469105,5433191.657337
455899.241823,5433192.818637
455899.039487,5433193.874604
455898.838173,5433194.928787
455898.614673,5433196.085574
455898.408145,5433197.132478
455898.179103,5433198.282073
455897.974947,5433199.323041
455897.769699,5433200.361061
455897.545796,5433201.502382
455897.350097,5433202.538887
455897.131359,5433203.675582
455896.93337,5433204.706254
455896.716214,5433205.83834
455896.516683,5433206.864467
455896.317626,5433207.887953
455896.098932,5433209.011406
455895.898917,5433210.028518
455895.677024,5433211.142972
455895.475143,5433212.1531
455895.275299,5433213.16103
455895.058045,5433214.268094
455894.860378,5433215.272195
455894.641255,5433216.37169
455894.436014,5433217.368803
455894.231322,5433218.364001
455894.007401,5433219.456589
455893.803,5433220.446132
455893.577707,5433221.532606
455893.375762,5433222.518609
455893.152773,5433223.600508
455892.949976,5433224.581006
455892.747881,5433225.558817
455892.52632,5433226.632489
455892.328632,5433227.60738
455892.113203,5433228.677391
455891.919513,5433229.647899
455891.726447,5433230.616286
455891.51687,5433231.679408
455891.326127,5433232.644763
455891.117008,5433233.701751
455890.927607,5433234.659992
455890.726812,5433235.712047
455890.550361,5433236.671046
455890.37935,5433237.628796
455890.195042,5433238.680817
455890.027227,5433239.632529
455889.838227,5433240.673705
455889.666317,5433241.617915
455889.499617,5433242.560844
455889.320652,5433243.601876
455889.161004,5433244.552088
455888.98251,5433245.604311
455888.823989,5433246.567545
455888.646126,5433247.634924
455888.47981,5433248.614608
455888.310698,5433249.604025
455888.121862,5433250.701423
455887.945555,5433251.710357
455887.742961,5433252.826165
455887.555357,5433253.849963
455887.363647,5433254.877046
455887.147036,5433256.013622
455886.950016,5433257.05596
455886.740951,5433258.211702
455886.550662,5433259.271927
455886.336537,5433260.445774
455886.13919,5433261.518659
455885.936774,5433262.595753
455885.710172,5433263.78818
455885.506299,5433264.876906
455885.281227,5433266.074987
455885.070714,5433267.163416
455884.858062,5433268.250223
455884.623168,5433269.442161
455884.407271,5433270.523887
455884.170714,5433271.71131
455883.956167,5433272.789914
455883.716987,5433273.971813
455883.497615,5433275.043037
455883.278804,5433276.111359
455883.040957,5433277.284517
455882.828449,5433278.349831
455882.593004,5433279.517867
455882.374406,5433280.574144
455882.153375,5433281.624843
455881.908949,5433282.773757
455881.690344,5433283.812113
455881.455433,5433284.944779
455881.245265,5433285.965848
455881.039561,5433286.977314
455880.814996,5433288.081249
455880.613623,5433289.079728
455880.39479,5433290.173195
455880.199362,5433291.161364
455879.986297,5433292.241231
455879.795916,5433293.21484
455879.606224,5433294.185598
455879.402775,5433295.248235
455879.218057,5433296.209924
455879.014882,5433297.264667
455878.837965,5433298.219612
455878.646583,5433299.267736
455878.475375,5433300.219308
455878.301284,5433301.167944
455878.105544,5433302.211302
455877.929641,5433303.164038
455877.737398,5433304.216876
455877.559832,5433305.178542
455877.378766,5433306.142919
455877.178744,5433307.210036
455876.99888,5433308.185077
455876.799299,5433309.262603
455876.616477,5433310.248575
455876.42747,5433311.23955
455876.211263,5433312.330493
455876.009844,5433313.326158
455875.784882,5433314.428352
455875.58016,5433315.438012
455875.354954,5433316.557963
455875.153437,5433317.582081
455874.948949,5433318.613302
455874.726683,5433319.755316
455874.522681,5433320.799021
455874.297846,5433321.954263
455874.093709,5433323.00793
455873.88789,5433324.064114
455873.663299,5433325.230286
455873.45837,5433326.289082
455873.230935,5433327.451924
455873.026115,5433328.506784
455872.80916,5433329.668652
455872.616243,5433330.721889
455872.419364,5433331.771277
455872.200687,5433332.923019
455872.003728,5433333.967488
455871.789321,5433335.115535
455871.590974,5433336.154322
455871.397237,5433337.188843
455871.186108,5433338.320931
455870.996346,5433339.341355
455870.786921,5433340.451289
455870.600152,5433341.448253
455870.399551,5433342.526376
455870.217241,5433343.486115
455870.032121,5433344.429684
455869.834838,5433345.450664
455869.66109,5433346.367875
455869.478686,5433347.363218
455869.307066,5433348.261538
455869.136641,5433349.1545
455868.95293,5433350.1324
455868.789113,5433351.017733
455868.609862,5433351.98914
455868.446363,5433352.868389
455868.26718,5433353.834306
455868.108557,5433354.710054
455867.951103,5433355.584639
455867.776447,5433356.546125
455867.619962,5433357.418509
455867.448486,5433358.378608
455867.291882,5433359.255263
455867.137135,5433360.130732
455866.962808,5433361.091302
455866.801698,5433361.969751
455866.631752,5433362.938455
455866.473671,5433363.822731
455866.291317,5433364.798849
455866.120589,5433365.692786
455865.94154,5433366.590425
455865.733286,5433367.584085
455865.530385,5433368.494961
455865.300018,5433369.504885
455865.086668,5433370.429198
455864.848144,5433371.457763
455864.634244,5433372.406411
455864.420684,5433373.364769
455864.188784,5433374.432394
455863.974187,5433375.413739
455863.738379,5433376.503876
455863.521679,5433377.506564
455863.284205,5433378.621541
455863.070187,5433379.648444
455862.848645,5433380.687928
455862.602964,5433381.847466
455862.376332,5433382.91271
455862.12515,5433384.095688
455861.898611,5433385.183241
455861.672727,5433386.278892
455861.430216,5433387.491602
455861.20794,5433388.598725
455860.964906,5433389.818735
455860.743801,5433390.924276
455860.49858,5433392.139233
455860.276312,5433393.240088
455860.053513,5433394.337091
455859.8072,5433395.541565
455859.584902,5433396.633657
455859.345599,5433397.833895
455859.128605,5433398.922713
455858.915312,5433400.011924
455858.681527,5433401.204017
455858.465008,5433402.28242
455858.226806,5433403.458257
455858.012659,5433404.525585
455857.780083,5433405.690961
455857.573401,5433406.742832
455857.36705,5433407.784602
455857.141085,5433408.917103
455856.933819,5433409.930585
455856.705486,5433411.029533
455856.500382,5433412.014799
455856.299971,5433412.986926
455856.082403,5433414.03912
455855.887794,5433414.981883
455855.67828,5433415.999053
455855.488483,5433416.905889
455855.27654,5433417.883141
455855.081413,5433418.76543
455854.887264,5433419.644939
455854.678948,5433420.611215
455854.492012,5433421.486416
455854.287582,5433422.445259
455854.105973,5433423.316545
455853.92115,5433424.183948
455853.717977,5433425.135708
455853.534942,5433425.999686
455853.337478,5433426.950247
455853.163319,5433427.816212
455852.972502,5433428.773125
455852.803031,5433429.649317
455852.637609,5433430.529169
455852.456323,5433431.502643
455852.290801,5433432.390776
455852.11447,5433433.375948
455851.954942,5433434.278303
455851.802533,5433435.191946
455851.633111,5433436.203842
455851.477723,5433437.13246
455851.30602,5433438.165221
455851.155981,5433439.120107
455850.996734,5433440.180702
455850.84717,5433441.153689
455850.695878,5433442.132208
455850.535546,5433443.21811
455850.400893,5433444.217551
455850.257378,5433445.325753
455850.126259,5433446.338226
455849.982354,5433447.458282
455849.855543,5433448.484183
455849.732811,5433449.517354
455849.600708,5433450.663149
455849.486185,5433451.711983
455849.367894,5433452.87382
455849.264369,5433453.937685
455849.162565,5433455.008122
455849.055719,5433456.193123
455848.963966,5433457.27711
455848.860904,5433458.477199
455848.767917,5433459.574167
455848.667689,5433460.790418
455848.579116,5433461.905298
455848.491266,5433463.027741
455848.391158,5433464.27408
455848.295836,5433465.420669
455848.18918,5433466.688731
455848.093157,5433467.842333
455848.000769,5433468.995969
455847.900721,5433470.265631
455847.805245,5433471.419032
455847.69752,5433472.684318
455847.595423,5433473.82822
455847.492763,5433474.968568
455847.382501,5433476.21831
455847.27656,5433477.356663
455847.16197,5433478.60265
455847.056988,5433479.732937
455846.939941,5433480.968397
455846.827224,5433482.087457
455846.714757,5433483.202745
455846.590258,5433484.426407
455846.477081,5433485.53332
455846.346705,5433486.741639
455846.225651,5433487.83676
455846.111904,5433488.929364
455845.991457,5433490.127378
455845.879904,5433491.209211
455845.749241,5433492.392003
455845.626561,5433493.459194
455845.500378,5433494.519747
455845.362084,5433495.68406
455845.242019,5433496.739307
455845.113982,5433497.895884
455844.994412,5433498.94172
455844.863111,5433500.083666
455844.741486,5433501.1113
