0.000000000000000000e+00 0.000000000000000000e+00
2.895940000000000059e-03 1.457530000000000067e-03
8.444340000000000266e-04 1.539350000000000093e-03
-5.673339999999999590e-04 1.105740000000000021e-03
2.025690000000000129e-03 2.669600000000000055e-04
3.405200000000000154e-03 -2.954580000000000162e-04
3.681240000000000120e-03 -1.414949999999999997e-04
2.340239999999999942e-03 -2.207250000000000011e-03
5.308710000000000338e-03 -2.111920000000000203e-03
4.376370000000000086e-03 -2.330420000000000148e-03
5.080450000000000244e-03 -2.342100000000000171e-03
6.650699999999999841e-03 -2.552019999999999896e-03
1.353210000000000090e-03 -2.493430000000000039e-03
2.381499999999999936e-03 -2.736709999999999837e-03
9.073879999999999446e-03 -4.436589999999999805e-03
1.268069999999999961e-02 -3.415350000000000157e-03
1.674830000000000069e-02 -3.952520000000000165e-03
4.789500000000000354e-03 -1.124559999999999926e-03
1.003450000000000002e-02 -1.551349999999999951e-03
1.305549999999999940e-02 1.485559999999999919e-03
1.289329999999999990e-02 1.822019999999999933e-03
1.427160000000000060e-02 3.283490000000000020e-03
-1.936320000000000055e-03 6.658670000000000214e-03
4.237339999999999922e-04 7.630190000000000236e-03
1.468450000000000050e-03 7.074419999999999667e-03
3.300360000000000012e-03 8.361560000000000520e-03
7.133750000000000334e-03 1.040010000000000066e-02
-5.760430000000000411e-04 2.818989999999999951e-03
1.370279999999999979e-03 2.811210000000000184e-03
3.401780000000000082e-03 1.394199999999999953e-03
9.150300000000000100e-03 1.453330000000000073e-03
1.960289999999999949e-02 2.986649999999999982e-03
1.139289999999999921e-02 4.489280000000000007e-03
2.417659999999999948e-02 4.552859999999999720e-03
3.673669999999999713e-02 5.609180000000000069e-03
5.231059999999999877e-02 5.607359999999999602e-03
6.099179999999999879e-02 7.055230000000000008e-03
5.015269999999999624e-03 4.148149999999999754e-03
1.353140000000000072e-02 4.782950000000000222e-03
2.109420000000000045e-02 4.519439999999999569e-03
2.777479999999999880e-02 3.833889999999999954e-03
3.667739999999999889e-02 3.176889999999999922e-03
1.462949999999999971e-03 3.816050000000000084e-03
5.612090000000000134e-03 4.232620000000000306e-03
7.389480000000000354e-03 5.356810000000000044e-03
1.080189999999999970e-02 6.034519999999999815e-03
1.743530000000000080e-02 5.976500000000000042e-03
1.829739999999999839e-02 1.351030000000000026e-03
4.481770000000000198e-02 4.093620000000000071e-03
8.805649999999999589e-02 6.051459999999999825e-03
1.462199999999999889e-01 7.381940000000000029e-03
2.176710000000000034e-01 9.382740000000000524e-03
2.939320000000000266e-01 1.428300000000000056e-02
3.918760000000000021e-01 1.648370000000000044e-02
5.039660000000000251e-01 2.267910000000000065e-02
6.320240000000000302e-01 3.154860000000000303e-02
7.725060000000000260e-01 3.783020000000000133e-02
9.302730000000000166e-01 3.539309999999999679e-02
1.095290000000000097e+00 3.962620000000000031e-02
1.270960000000000090e+00 4.560100000000000264e-02
1.457719999999999905e+00 5.117680000000000146e-02
1.657890000000000086e+00 5.976360000000000006e-02
1.868440000000000101e+00 6.026050000000000156e-02
2.093789999999999818e+00 6.675340000000000440e-02
2.326389999999999958e+00 7.575310000000000377e-02
2.567499999999999893e+00 8.429300000000000681e-02
2.825219999999999843e+00 9.126839999999999953e-02
3.113329999999999931e+00 1.000130000000000047e-01
3.410039999999999960e+00 1.149850000000000039e-01
3.717449999999999921e+00 1.279569999999999874e-01
4.046330000000000204e+00 1.357250000000000123e-01
4.387240000000000251e+00 1.465390000000000026e-01
4.760909999999999975e+00 1.575310000000000044e-01
5.125860000000000305e+00 1.673300000000000065e-01
5.501400000000000290e+00 1.732150000000000079e-01
5.879010000000000069e+00 1.744279999999999997e-01
6.253420000000000201e+00 1.796520000000000061e-01
6.630849999999999689e+00 1.681519999999999959e-01
6.998689999999999856e+00 1.607899999999999885e-01
7.360500000000000043e+00 1.568430000000000102e-01
7.722199999999999953e+00 1.509060000000000124e-01
8.077669999999999462e+00 1.400109999999999966e-01
8.437039999999999651e+00 1.235720000000000013e-01
8.785069999999999268e+00 1.094480000000000036e-01
9.134840000000000515e+00 8.987459999999999893e-02
9.473699999999999122e+00 7.259250000000000425e-02
9.816629999999999967e+00 5.189300000000000163e-02
1.016830000000000034e+01 1.401580000000000013e-02
1.049530000000000030e+01 -2.258059999999999928e-02
1.082109999999999950e+01 -7.542690000000000505e-02
1.114020000000000010e+01 -1.376640000000000086e-01
1.145519999999999960e+01 -2.037069999999999992e-01
1.176270000000000060e+01 -2.789579999999999838e-01
1.205470000000000041e+01 -3.827329999999999899e-01
1.233849999999999980e+01 -4.914339999999999820e-01
1.260779999999999923e+01 -6.089569999999999705e-01
1.286560000000000059e+01 -7.424770000000000536e-01
1.311909999999999954e+01 -8.752259999999999485e-01
1.335660000000000025e+01 -1.022990000000000066e+00
1.358009999999999984e+01 -1.185070000000000068e+00
1.379729999999999990e+01 -1.354039999999999910e+00
1.399579999999999913e+01 -1.529889999999999972e+00
1.418229999999999968e+01 -1.720199999999999951e+00
1.435219999999999985e+01 -1.912940000000000085e+00
1.450200000000000067e+01 -2.120039999999999925e+00
1.464639999999999986e+01 -2.327859999999999818e+00
1.477449999999999974e+01 -2.547000000000000153e+00
1.489789999999999992e+01 -2.768670000000000186e+00
1.500689999999999991e+01 -2.983950000000000102e+00
1.510249999999999915e+01 -3.203269999999999840e+00
1.519919999999999938e+01 -3.435010000000000119e+00
1.527009999999999934e+01 -3.667400000000000215e+00
1.534680000000000000e+01 -3.903680000000000039e+00
1.540649999999999942e+01 -4.143670000000000186e+00
1.545470000000000077e+01 -4.394999999999999574e+00
1.550530000000000008e+01 -4.639540000000000219e+00
1.555100000000000016e+01 -4.891639999999999766e+00
1.560469999999999935e+01 -5.180109999999999992e+00
1.565740000000000087e+01 -5.447619999999999685e+00
1.569130000000000003e+01 -5.738719999999999821e+00
1.569599999999999973e+01 -6.038509999999999600e+00
1.571269999999999989e+01 -6.328129999999999811e+00
1.572879999999999967e+01 -6.626619999999999955e+00
1.574300000000000033e+01 -6.920180000000000220e+00
1.575569999999999915e+01 -7.224000000000000199e+00
1.576909999999999989e+01 -7.527389999999999581e+00
1.577979999999999983e+01 -7.844020000000000437e+00
1.579540000000000077e+01 -8.194539999999999935e+00
1.580450000000000088e+01 -8.533329999999999416e+00
1.581269999999999953e+01 -8.883340000000000458e+00
1.582579999999999920e+01 -9.242219999999999658e+00
1.583750000000000036e+01 -9.616500000000000270e+00
1.583399999999999963e+01 -1.004710000000000036e+01
1.584040000000000070e+01 -1.045429999999999993e+01
1.585009999999999941e+01 -1.087729999999999997e+01
1.586100000000000065e+01 -1.132019999999999982e+01
1.586919999999999931e+01 -1.178270000000000017e+01
1.589310000000000045e+01 -1.228359999999999985e+01
1.590370000000000061e+01 -1.278969999999999985e+01
1.591109999999999935e+01 -1.331809999999999938e+01
1.592210000000000036e+01 -1.387160000000000082e+01
1.593549999999999933e+01 -1.444100000000000072e+01
1.594529999999999959e+01 -1.503200000000000003e+01
1.595240000000000080e+01 -1.563959999999999972e+01
1.595700000000000074e+01 -1.625300000000000011e+01
1.596620000000000061e+01 -1.689310000000000045e+01
1.597080000000000055e+01 -1.753879999999999839e+01
1.597739999999999938e+01 -1.822860000000000014e+01
1.597889999999999944e+01 -1.889839999999999876e+01
1.597850000000000037e+01 -1.956550000000000011e+01
1.598390000000000022e+01 -2.024089999999999989e+01
1.598160000000000025e+01 -2.090249999999999986e+01
1.598479999999999990e+01 -2.158609999999999829e+01
1.597630000000000017e+01 -2.224759999999999849e+01
1.597669999999999924e+01 -2.290360000000000085e+01
1.597100000000000009e+01 -2.355170000000000030e+01
1.596579999999999977e+01 -2.420299999999999940e+01
1.595229999999999926e+01 -2.487719999999999843e+01
1.594400000000000084e+01 -2.551839999999999975e+01
1.593520000000000003e+01 -2.616169999999999973e+01
1.592919999999999980e+01 -2.679879999999999995e+01
1.593369999999999997e+01 -2.742749999999999844e+01
1.593960000000000043e+01 -2.805000000000000071e+01
1.593670000000000009e+01 -2.868240000000000123e+01
1.593599999999999994e+01 -2.931909999999999883e+01
1.593619999999999948e+01 -2.996170000000000044e+01
1.593309999999999960e+01 -3.060099999999999909e+01
1.595219999999999949e+01 -3.124119999999999919e+01
1.595490000000000030e+01 -3.188370000000000104e+01
1.596209999999999951e+01 -3.253810000000000002e+01
1.596160000000000068e+01 -3.319380000000000308e+01
1.596039999999999992e+01 -3.384230000000000160e+01
1.595700000000000074e+01 -3.449940000000000140e+01
1.595839999999999925e+01 -3.514880000000000138e+01
1.595950000000000024e+01 -3.579569999999999652e+01
1.596499999999999986e+01 -3.643189999999999884e+01
1.597160000000000046e+01 -3.706530000000000058e+01
1.597300000000000075e+01 -3.769250000000000256e+01
1.596739999999999959e+01 -3.832009999999999650e+01
1.597150000000000070e+01 -3.894859999999999900e+01
1.598109999999999964e+01 -3.957609999999999673e+01
1.599039999999999928e+01 -4.018439999999999657e+01
1.598980000000000068e+01 -4.078099999999999881e+01
1.598659999999999926e+01 -4.138909999999999911e+01
1.598910000000000053e+01 -4.199360000000000070e+01
1.599450000000000038e+01 -4.258550000000000324e+01
1.600250000000000128e+01 -4.317450000000000188e+01
1.600080000000000169e+01 -4.372979999999999734e+01
1.599760000000000026e+01 -4.429740000000000322e+01
1.599970000000000070e+01 -4.484929999999999950e+01
1.599590000000000067e+01 -4.539289999999999736e+01
1.599540000000000006e+01 -4.593180000000000263e+01
1.600110000000000099e+01 -4.652459999999999951e+01
1.599569999999999936e+01 -4.703349999999999653e+01
1.599740000000000073e+01 -4.753090000000000259e+01
1.599939999999999962e+01 -4.801080000000000325e+01
1.599820000000000064e+01 -4.848040000000000305e+01
1.600300000000000011e+01 -4.895060000000000144e+01
1.600509999999999877e+01 -4.939300000000000068e+01
1.600789999999999935e+01 -4.982249999999999801e+01
1.601409999999999911e+01 -5.023060000000000258e+01
1.601800000000000068e+01 -5.061690000000000111e+01
1.600519999999999854e+01 -5.102870000000000061e+01
1.600750000000000028e+01 -5.140019999999999811e+01
1.600789999999999935e+01 -5.177289999999999992e+01
1.600919999999999987e+01 -5.212720000000000198e+01
1.601210000000000022e+01 -5.248440000000000083e+01
1.602649999999999864e+01 -5.287460000000000093e+01
1.602880000000000038e+01 -5.322399999999999665e+01
1.603300000000000125e+01 -5.356230000000000047e+01
1.603109999999999857e+01 -5.388089999999999691e+01
1.603810000000000002e+01 -5.419659999999999656e+01
1.607189999999999941e+01 -5.453569999999999851e+01
1.607929999999999993e+01 -5.484660000000000224e+01
1.608950000000000102e+01 -5.515509999999999735e+01
1.609809999999999874e+01 -5.546249999999999858e+01
1.611049999999999827e+01 -5.576670000000000016e+01
1.610940000000000083e+01 -5.609720000000000084e+01
1.612190000000000012e+01 -5.641460000000000008e+01
1.614000000000000057e+01 -5.674009999999999820e+01
1.615330000000000155e+01 -5.703759999999999764e+01
1.616499999999999915e+01 -5.731530000000000058e+01
1.619660000000000011e+01 -5.760459999999999781e+01
1.620779999999999887e+01 -5.786249999999999716e+01
1.622080000000000055e+01 -5.810940000000000083e+01
1.623290000000000077e+01 -5.835730000000000217e+01
1.624139999999999873e+01 -5.859980000000000189e+01
1.624540000000000006e+01 -5.887449999999999761e+01
1.624830000000000041e+01 -5.912100000000000222e+01
1.625929999999999964e+01 -5.936449999999999960e+01
1.627090000000000103e+01 -5.964359999999999928e+01
1.628109999999999857e+01 -5.986549999999999727e+01
1.629830000000000112e+01 -6.011209999999999809e+01
1.630549999999999855e+01 -6.032159999999999656e+01
1.631800000000000139e+01 -6.052459999999999951e+01
1.632860000000000156e+01 -6.071059999999999945e+01
1.633960000000000079e+01 -6.087800000000000011e+01
1.634639999999999915e+01 -6.103629999999999711e+01
1.635650000000000048e+01 -6.118919999999999959e+01
1.637480000000000047e+01 -6.133599999999999852e+01
1.638489999999999824e+01 -6.148830000000000240e+01
1.639979999999999905e+01 -6.164459999999999695e+01
1.639310000000000045e+01 -6.184680000000000177e+01
1.641479999999999961e+01 -6.201149999999999807e+01
1.643499999999999872e+01 -6.218889999999999674e+01
1.645380000000000109e+01 -6.237539999999999907e+01
1.647729999999999961e+01 -6.257459999999999667e+01
1.644679999999999964e+01 -6.279979999999999762e+01
1.647540000000000049e+01 -6.301619999999999777e+01
1.649849999999999994e+01 -6.323899999999999721e+01
1.651709999999999923e+01 -6.346110000000000184e+01
1.653310000000000102e+01 -6.368549999999999756e+01
1.645070000000000121e+01 -6.391870000000000118e+01
1.647240000000000038e+01 -6.414300000000000068e+01
1.648610000000000042e+01 -6.437170000000000414e+01
1.649459999999999837e+01 -6.460290000000000532e+01
1.650949999999999918e+01 -6.482810000000000628e+01
1.636179999999999879e+01 -6.507259999999999422e+01
1.635510000000000019e+01 -6.530029999999999291e+01
1.633689999999999998e+01 -6.553470000000000084e+01
1.630249999999999844e+01 -6.577429999999999666e+01
1.625979999999999848e+01 -6.601850000000000307e+01
1.603930000000000078e+01 -6.627139999999999986e+01
1.597589999999999932e+01 -6.649949999999999761e+01
1.591460000000000008e+01 -6.672750000000000625e+01
1.585190000000000055e+01 -6.694710000000000605e+01
1.579069999999999929e+01 -6.716519999999999868e+01
1.555199999999999960e+01 -6.740300000000000580e+01
1.547610000000000063e+01 -6.761769999999999925e+01
1.538920000000000066e+01 -6.782099999999999795e+01
1.527880000000000038e+01 -6.802930000000000632e+01
1.517060000000000031e+01 -6.823090000000000543e+01
1.471700000000000053e+01 -6.845430000000000348e+01
1.455289999999999928e+01 -6.863219999999999743e+01
1.438490000000000002e+01 -6.882909999999999684e+01
1.419190000000000040e+01 -6.901330000000000098e+01
1.398129999999999917e+01 -6.916750000000000398e+01
1.360299999999999976e+01 -6.933499999999999375e+01
1.340670000000000073e+01 -6.948480000000000700e+01
1.319340000000000046e+01 -6.961879999999999313e+01
1.295599999999999952e+01 -6.973210000000000264e+01
1.272289999999999921e+01 -6.985399999999999920e+01
1.228710000000000058e+01 -7.000419999999999732e+01
1.203320000000000078e+01 -7.010580000000000211e+01
1.177030000000000065e+01 -7.019010000000000105e+01
1.149269999999999925e+01 -7.026879999999999882e+01
1.120400000000000063e+01 -7.034860000000000468e+01
1.077229999999999954e+01 -7.044650000000000034e+01
1.045340000000000025e+01 -7.049949999999999761e+01
1.014509999999999934e+01 -7.055079999999999529e+01
9.813250000000000028e+00 -7.059439999999999316e+01
9.461510000000000531e+00 -7.062839999999999918e+01
9.000450000000000728e+00 -7.071739999999999782e+01
8.638569999999999638e+00 -7.076340000000000430e+01
8.256579999999999586e+00 -7.079000000000000625e+01
7.848910000000000053e+00 -7.082750000000000057e+01
7.434910000000000352e+00 -7.087430000000000518e+01
6.904779999999999696e+00 -7.093009999999999593e+01
6.437920000000000087e+00 -7.096869999999999834e+01
5.966870000000000118e+00 -7.101869999999999550e+01
5.490400000000000169e+00 -7.107410000000000139e+01
5.005150000000000432e+00 -7.112619999999999720e+01
4.475979999999999848e+00 -7.119370000000000687e+01
3.963060000000000027e+00 -7.126179999999999382e+01
3.434070000000000178e+00 -7.133570000000000277e+01
2.890620000000000189e+00 -7.140949999999999420e+01
2.331189999999999873e+00 -7.148820000000000618e+01
1.675030000000000019e+00 -7.158289999999999509e+01
1.092060000000000031e+00 -7.167659999999999343e+01
4.916889999999999872e-01 -7.177419999999999334e+01
-1.160680000000000045e-01 -7.186979999999999791e+01
-7.333479999999999999e-01 -7.195650000000000546e+01
-1.359259999999999913e+00 -7.204710000000000036e+01
-2.081440000000000179e+00 -7.216089999999999804e+01
-2.742280000000000051e+00 -7.224649999999999750e+01
-3.426019999999999843e+00 -7.232630000000000337e+01
-4.120689999999999742e+00 -7.240460000000000207e+01
-4.871330000000000382e+00 -7.249379999999999313e+01
-5.585779999999999745e+00 -7.256829999999999359e+01
-6.306350000000000122e+00 -7.263840000000000430e+01
-7.032309999999999839e+00 -7.270040000000000191e+01
-7.764800000000000146e+00 -7.275799999999999557e+01
-8.572010000000000574e+00 -7.280100000000000193e+01
-9.316209999999999880e+00 -7.285110000000000241e+01
-1.005969999999999942e+01 -7.288859999999999673e+01
-1.082520000000000060e+01 -7.291240000000000521e+01
-1.158779999999999966e+01 -7.295130000000000337e+01
-1.239930000000000021e+01 -7.298080000000000211e+01
-1.314540000000000042e+01 -7.298029999999999973e+01
-1.390659999999999918e+01 -7.298350000000000648e+01
-1.467600000000000016e+01 -7.300920000000000698e+01
-1.543839999999999968e+01 -7.300679999999999836e+01
-1.629729999999999990e+01 -7.298999999999999488e+01
-1.707349999999999923e+01 -7.299540000000000362e+01
-1.784380000000000166e+01 -7.299209999999999354e+01
-1.861260000000000048e+01 -7.297350000000000136e+01
-1.938619999999999877e+01 -7.296659999999999968e+01
-2.016189999999999927e+01 -7.296150000000000091e+01
-2.099640000000000128e+01 -7.295680000000000121e+01
-2.178740000000000165e+01 -7.293309999999999604e+01
-2.258050000000000068e+01 -7.291880000000000450e+01
-2.337859999999999872e+01 -7.291400000000000148e+01
-2.420840000000000103e+01 -7.290120000000000289e+01
-2.499830000000000041e+01 -7.289230000000000587e+01
-2.579779999999999873e+01 -7.289509999999999934e+01
-2.659769999999999968e+01 -7.289549999999999841e+01
-2.740700000000000003e+01 -7.289770000000000039e+01
-2.821600000000000108e+01 -7.290810000000000457e+01
-2.907770000000000010e+01 -7.291859999999999786e+01
-2.988090000000000046e+01 -7.293519999999999470e+01
-3.066290000000000049e+01 -7.294329999999999359e+01
-3.145730000000000004e+01 -7.296030000000000371e+01
-3.232630000000000337e+01 -7.297610000000000241e+01
-3.312980000000000302e+01 -7.299320000000000164e+01
-3.391819999999999879e+01 -7.302150000000000318e+01
-3.470739999999999981e+01 -7.304840000000000089e+01
-3.551169999999999760e+01 -7.307399999999999807e+01
-3.634499999999999886e+01 -7.310009999999999764e+01
-3.710810000000000031e+01 -7.312269999999999470e+01
-3.786619999999999919e+01 -7.314700000000000557e+01
-3.862230000000000274e+01 -7.317539999999999623e+01
-3.935889999999999844e+01 -7.320480000000000587e+01
-4.012760000000000105e+01 -7.320640000000000214e+01
-4.082999999999999829e+01 -7.323940000000000339e+01
-4.150130000000000052e+01 -7.327280000000000371e+01
-4.214070000000000249e+01 -7.329649999999999466e+01
-4.275809999999999889e+01 -7.332200000000000273e+01
-4.336399999999999721e+01 -7.334590000000000032e+01
-4.400450000000000017e+01 -7.336910000000000309e+01
-4.460049999999999670e+01 -7.339019999999999300e+01
-4.519630000000000081e+01 -7.341110000000000468e+01
-4.577159999999999940e+01 -7.343810000000000571e+01
-4.638839999999999719e+01 -7.346439999999999770e+01
-4.696730000000000160e+01 -7.348550000000000182e+01
-4.754480000000000217e+01 -7.351000000000000512e+01
-4.810119999999999862e+01 -7.353329999999999700e+01
-4.865559999999999974e+01 -7.354519999999999413e+01
-4.919189999999999685e+01 -7.355639999999999645e+01
-4.982330000000000325e+01 -7.358079999999999643e+01
-5.036079999999999757e+01 -7.359730000000000416e+01
-5.087489999999999668e+01 -7.361839999999999407e+01
-5.139079999999999870e+01 -7.363620000000000232e+01
-5.195009999999999906e+01 -7.364870000000000516e+01
-5.244270000000000209e+01 -7.366920000000000357e+01
-5.292669999999999675e+01 -7.368930000000000291e+01
-5.340270000000000294e+01 -7.369159999999999400e+01
-5.386749999999999972e+01 -7.371020000000000039e+01
-5.432330000000000325e+01 -7.372129999999999939e+01
-5.493690000000000140e+01 -7.372860000000000014e+01
-5.538479999999999848e+01 -7.375060000000000571e+01
-5.581499999999999773e+01 -7.375449999999999307e+01
-5.622209999999999752e+01 -7.375749999999999318e+01
-5.681550000000000011e+01 -7.376800000000000068e+01
-5.720479999999999876e+01 -7.377169999999999561e+01
-5.757209999999999894e+01 -7.377469999999999573e+01
-5.793690000000000140e+01 -7.378660000000000707e+01
-5.828589999999999804e+01 -7.379219999999999402e+01
-5.861379999999999768e+01 -7.379949999999999477e+01
-5.903050000000000352e+01 -7.381109999999999616e+01
-5.928990000000000293e+01 -7.381010000000000559e+01
-5.953419999999999845e+01 -7.381600000000000250e+01
-5.976069999999999993e+01 -7.381980000000000075e+01
-6.010360000000000014e+01 -7.381680000000000064e+01
-6.029610000000000269e+01 -7.381669999999999732e+01
-6.047359999999999758e+01 -7.382139999999999702e+01
-6.061979999999999791e+01 -7.382330000000000325e+01
-6.075809999999999889e+01 -7.382349999999999568e+01
-6.088029999999999831e+01 -7.382299999999999329e+01
-6.109499999999999886e+01 -7.383939999999999770e+01
-6.119200000000000017e+01 -7.384120000000000061e+01
-6.126639999999999731e+01 -7.383689999999999998e+01
-6.132459999999999667e+01 -7.383639999999999759e+01
-6.144460000000000122e+01 -7.383799999999999386e+01
-6.147890000000000299e+01 -7.383570000000000277e+01
-6.149620000000000175e+01 -7.383410000000000650e+01
-6.150659999999999883e+01 -7.383299999999999841e+01
-6.150370000000000203e+01 -7.383159999999999457e+01
-6.152029999999999887e+01 -7.384350000000000591e+01
-6.151879999999999882e+01 -7.384189999999999543e+01
-6.151500000000000057e+01 -7.384250000000000114e+01
-6.151189999999999714e+01 -7.384099999999999397e+01
-6.151160000000000139e+01 -7.383920000000000528e+01
-6.151520000000000010e+01 -7.384520000000000550e+01
-6.151160000000000139e+01 -7.384369999999999834e+01
-6.151089999999999947e+01 -7.384380000000000166e+01
-6.150509999999999877e+01 -7.384319999999999595e+01
-6.149940000000000140e+01 -7.384340000000000259e+01
-6.149020000000000152e+01 -7.384329999999999927e+01
-6.149839999999999662e+01 -7.384669999999999845e+01
-6.149340000000000117e+01 -7.384369999999999834e+01
-6.148859999999999815e+01 -7.384279999999999688e+01
-6.148760000000000048e+01 -7.384430000000000405e+01
-6.152210000000000178e+01 -7.385200000000000387e+01
-6.151839999999999975e+01 -7.385209999999999297e+01
-6.151270000000000238e+01 -7.385160000000000480e+01
-6.150679999999999836e+01 -7.385110000000000241e+01
-6.149940000000000140e+01 -7.385179999999999723e+01
-6.149660000000000082e+01 -7.385089999999999577e+01
-6.151700000000000301e+01 -7.384780000000000655e+01
-6.151659999999999684e+01 -7.384950000000000614e+01
-6.151019999999999754e+01 -7.384789999999999566e+01
-6.150699999999999790e+01 -7.384869999999999379e+01
-6.152839999999999776e+01 -7.384839999999999804e+01
-6.151989999999999981e+01 -7.384579999999999700e+01
-6.151939999999999742e+01 -7.384680000000000177e+01
-6.151359999999999673e+01 -7.384590000000000032e+01
-6.151370000000000005e+01 -7.384739999999999327e+01
-6.150809999999999889e+01 -7.384489999999999554e+01
-6.152300000000000324e+01 -7.384770000000000323e+01
-6.152300000000000324e+01 -7.384690000000000509e+01
-6.151839999999999975e+01 -7.384449999999999648e+01
-6.151149999999999807e+01 -7.384529999999999461e+01
-6.151469999999999771e+01 -7.384980000000000189e+01
-6.151539999999999964e+01 -7.384990000000000521e+01
-6.151339999999999719e+01 -7.384910000000000707e+01
-6.151570000000000249e+01 -7.384999999999999432e+01
-6.151709999999999923e+01 -7.384820000000000562e+01
-6.151449999999999818e+01 -7.384820000000000562e+01
-6.152020000000000266e+01 -7.384999999999999432e+01
-6.152279999999999660e+01 -7.384919999999999618e+01
-6.152320000000000277e+01 -7.384810000000000230e+01
-6.152259999999999707e+01 -7.384650000000000603e+01
-6.153759999999999764e+01 -7.385160000000000480e+01
-6.153869999999999862e+01 -7.384789999999999566e+01
-6.154039999999999822e+01 -7.384610000000000696e+01
-6.153990000000000293e+01 -7.384399999999999409e+01
-6.154449999999999932e+01 -7.384350000000000591e+01
-6.154359999999999786e+01 -7.384130000000000393e+01
-6.153170000000000073e+01 -7.384799999999999898e+01
-6.153190000000000026e+01 -7.384550000000000125e+01
-6.152989999999999782e+01 -7.384629999999999939e+01
-6.152940000000000254e+01 -7.384439999999999316e+01
-6.152810000000000201e+01 -7.384780000000000655e+01
-6.152969999999999828e+01 -7.385030000000000427e+01
-6.153190000000000026e+01 -7.384999999999999432e+01
-6.153600000000000136e+01 -7.385060000000000002e+01
-6.153759999999999764e+01 -7.385209999999999297e+01
-6.153620000000000090e+01 -7.385209999999999297e+01
-6.152660000000000196e+01 -7.385120000000000573e+01
-6.152629999999999910e+01 -7.385299999999999443e+01
-6.152779999999999916e+01 -7.385460000000000491e+01
-6.152709999999999724e+01 -7.385349999999999682e+01
-6.153320000000000078e+01 -7.385080000000000666e+01
-6.153190000000000026e+01 -7.384940000000000282e+01
-6.152890000000000015e+01 -7.384730000000000416e+01
-6.152770000000000294e+01 -7.384399999999999409e+01
-6.152199999999999847e+01 -7.384260000000000446e+01
-6.152620000000000289e+01 -7.383899999999999864e+01
-6.152839999999999776e+01 -7.384579999999999700e+01
-6.152040000000000219e+01 -7.384650000000000603e+01
-6.151339999999999719e+01 -7.384720000000000084e+01
-6.152089999999999748e+01 -7.384720000000000084e+01
-6.153820000000000334e+01 -7.385009999999999764e+01
-6.154350000000000165e+01 -7.384640000000000271e+01
-6.159109999999999729e+01 -7.384449999999999648e+01
-6.167840000000000344e+01 -7.384499999999999886e+01
-6.177929999999999922e+01 -7.385099999999999909e+01
-6.194570000000000221e+01 -7.386310000000000286e+01
-6.210990000000000322e+01 -7.386400000000000432e+01
-6.228640000000000043e+01 -7.386860000000000070e+01
-6.248409999999999798e+01 -7.387550000000000239e+01
-6.271029999999999660e+01 -7.387279999999999802e+01
-6.302810000000000201e+01 -7.387850000000000250e+01
-6.330420000000000158e+01 -7.389700000000000557e+01
-6.359140000000000015e+01 -7.391060000000000230e+01
-6.388669999999999760e+01 -7.391840000000000543e+01
-6.419840000000000657e+01 -7.393949999999999534e+01
-6.457800000000000296e+01 -7.394939999999999714e+01
-6.490919999999999845e+01 -7.397060000000000457e+01
-6.524209999999999354e+01 -7.399339999999999407e+01
-6.558400000000000318e+01 -7.400560000000000116e+01
-6.592700000000000671e+01 -7.402840000000000487e+01
-6.636100000000000421e+01 -7.405299999999999727e+01
-6.671750000000000114e+01 -7.406220000000000425e+01
-6.706510000000000105e+01 -7.408450000000000557e+01
-6.742289999999999850e+01 -7.410290000000000532e+01
-6.779600000000000648e+01 -7.410500000000000398e+01
-6.818789999999999907e+01 -7.413160000000000593e+01
-6.868380000000000507e+01 -7.415049999999999386e+01
-6.910710000000000264e+01 -7.416209999999999525e+01
-6.953919999999999391e+01 -7.417140000000000555e+01
-6.999320000000000164e+01 -7.417650000000000432e+01
-7.047950000000000159e+01 -7.420839999999999748e+01
-7.093899999999999295e+01 -7.421160000000000423e+01
-7.142079999999999984e+01 -7.423149999999999693e+01
-7.190449999999999875e+01 -7.423940000000000339e+01
-7.239319999999999311e+01 -7.424830000000000041e+01
-7.290900000000000603e+01 -7.425109999999999388e+01
-7.348749999999999716e+01 -7.423520000000000607e+01
-7.401420000000000243e+01 -7.423619999999999663e+01
-7.455769999999999698e+01 -7.423999999999999488e+01
-7.511780000000000257e+01 -7.424339999999999407e+01
-7.574869999999999948e+01 -7.424349999999999739e+01
-7.631820000000000448e+01 -7.424630000000000507e+01
-7.690089999999999293e+01 -7.425530000000000541e+01
-7.749490000000000123e+01 -7.425499999999999545e+01
-7.810760000000000502e+01 -7.425889999999999702e+01
-7.881310000000000571e+01 -7.427160000000000650e+01
-7.942860000000000298e+01 -7.428220000000000312e+01
-8.004900000000000659e+01 -7.429170000000000584e+01
-8.068410000000000082e+01 -7.429279999999999973e+01
-8.131910000000000593e+01 -7.430079999999999529e+01
-8.195019999999999527e+01 -7.431109999999999616e+01
-8.266479999999999961e+01 -7.433610000000000184e+01
-8.330620000000000402e+01 -7.434669999999999845e+01
-8.395260000000000389e+01 -7.436379999999999768e+01
-8.460389999999999588e+01 -7.437810000000000343e+01
-8.525209999999999866e+01 -7.438320000000000221e+01
-8.602949999999999875e+01 -7.440139999999999532e+01
-8.668489999999999895e+01 -7.441400000000000148e+01
-8.734099999999999397e+01 -7.442820000000000391e+01
-8.800260000000000105e+01 -7.443640000000000612e+01
-8.875530000000000541e+01 -7.444570000000000221e+01
-8.943059999999999832e+01 -7.445099999999999341e+01
-9.010899999999999466e+01 -7.445799999999999841e+01
-9.078570000000000562e+01 -7.445980000000000132e+01
-9.145900000000000318e+01 -7.446939999999999316e+01
-9.226290000000000191e+01 -7.448279999999999745e+01
-9.295560000000000400e+01 -7.449450000000000216e+01
-9.364690000000000225e+01 -7.450950000000000273e+01
-9.433910000000000196e+01 -7.453130000000000166e+01
-9.503360000000000696e+01 -7.455280000000000484e+01
-9.585559999999999548e+01 -7.456929999999999836e+01
-9.655670000000000641e+01 -7.459149999999999636e+01
-9.725010000000000332e+01 -7.461820000000000164e+01
-9.795310000000000628e+01 -7.463469999999999516e+01
-9.866039999999999566e+01 -7.465689999999999316e+01
-9.956199999999999761e+01 -7.466849999999999454e+01
-1.002759999999999962e+02 -7.468229999999999791e+01
-1.009950000000000045e+02 -7.468779999999999575e+01
-1.017099999999999937e+02 -7.470910000000000650e+01
-1.024389999999999930e+02 -7.473059999999999548e+01
-1.033379999999999939e+02 -7.475910000000000366e+01
-1.040739999999999981e+02 -7.477179999999999893e+01
-1.048220000000000027e+02 -7.478340000000000032e+01
-1.055559999999999974e+02 -7.479200000000000159e+01
-1.063110000000000070e+02 -7.480880000000000507e+01
-1.072129999999999939e+02 -7.483629999999999427e+01
-1.079800000000000040e+02 -7.483750000000000568e+01
-1.087379999999999995e+02 -7.485800000000000409e+01
-1.094989999999999952e+02 -7.487149999999999750e+01
-1.102780000000000058e+02 -7.487409999999999854e+01
-1.111460000000000008e+02 -7.488859999999999673e+01
-1.119189999999999969e+02 -7.490970000000000084e+01
-1.126889999999999930e+02 -7.492470000000000141e+01
-1.134620000000000033e+02 -7.494119999999999493e+01
-1.142669999999999959e+02 -7.496450000000000102e+01
-1.151599999999999966e+02 -7.498420000000000130e+01
-1.159539999999999935e+02 -7.501200000000000045e+01
-1.167510000000000048e+02 -7.502840000000000487e+01
-1.175490000000000066e+02 -7.502939999999999543e+01
-1.183509999999999991e+02 -7.504009999999999536e+01
-1.192399999999999949e+02 -7.505740000000000123e+01
-1.200400000000000063e+02 -7.506770000000000209e+01
-1.208550000000000040e+02 -7.507649999999999579e+01
-1.216470000000000056e+02 -7.507930000000000348e+01
-1.224419999999999931e+02 -7.508610000000000184e+01
-1.233119999999999976e+02 -7.510859999999999559e+01
-1.241230000000000047e+02 -7.511589999999999634e+01
-1.249300000000000068e+02 -7.512820000000000675e+01
-1.257319999999999993e+02 -7.513190000000000168e+01
-1.265310000000000059e+02 -7.513590000000000657e+01
-1.273319999999999936e+02 -7.513139999999999930e+01
-1.281160000000000139e+02 -7.514449999999999363e+01
-1.289099999999999966e+02 -7.515999999999999659e+01
-1.296939999999999884e+02 -7.513790000000000191e+01
-1.304399999999999977e+02 -7.513169999999999504e+01
-1.312769999999999868e+02 -7.516700000000000159e+01
-1.320039999999999907e+02 -7.517310000000000514e+01
-1.327309999999999945e+02 -7.514719999999999800e+01
-1.334159999999999968e+02 -7.515330000000000155e+01
-1.340709999999999980e+02 -7.516639999999999588e+01
-1.348319999999999936e+02 -7.517669999999999675e+01
-1.354780000000000086e+02 -7.517789999999999395e+01
-1.361239999999999952e+02 -7.517799999999999727e+01
-1.367649999999999864e+02 -7.518630000000000280e+01
-1.374050000000000011e+02 -7.518989999999999441e+01
-1.381189999999999998e+02 -7.519740000000000180e+01
-1.387400000000000091e+02 -7.520120000000000005e+01
-1.393389999999999986e+02 -7.520850000000000080e+01
-1.399470000000000027e+02 -7.521899999999999409e+01
-1.405660000000000025e+02 -7.523189999999999600e+01
-1.412779999999999916e+02 -7.523560000000000514e+01
-1.418909999999999911e+02 -7.523749999999999716e+01
-1.425000000000000000e+02 -7.524639999999999418e+01
-1.431090000000000089e+02 -7.526109999999999900e+01
-1.437429999999999950e+02 -7.527410000000000423e+01
-1.443530000000000086e+02 -7.527790000000000248e+01
-1.450190000000000055e+02 -7.529319999999999879e+01
-1.456339999999999861e+02 -7.530289999999999395e+01
-1.462570000000000050e+02 -7.530039999999999623e+01
-1.468839999999999861e+02 -7.530129999999999768e+01
-1.476790000000000020e+02 -7.528959999999999297e+01
-1.483369999999999891e+02 -7.529489999999999839e+01
-1.489979999999999905e+02 -7.528830000000000666e+01
-1.496750000000000114e+02 -7.529279999999999973e+01
-1.503389999999999986e+02 -7.529309999999999548e+01
-1.510929999999999893e+02 -7.529309999999999548e+01
-1.517870000000000061e+02 -7.529980000000000473e+01
-1.524910000000000139e+02 -7.529999999999999716e+01
-1.532040000000000077e+02 -7.531220000000000425e+01
-1.539219999999999970e+02 -7.532500000000000284e+01
-1.547489999999999952e+02 -7.533419999999999561e+01
-1.554339999999999975e+02 -7.534319999999999595e+01
-1.561320000000000050e+02 -7.536209999999999809e+01
-1.568489999999999895e+02 -7.537229999999999563e+01
-1.575709999999999980e+02 -7.538519999999999754e+01
-1.582810000000000059e+02 -7.540590000000000259e+01
-1.591469999999999914e+02 -7.542069999999999652e+01
-1.598480000000000132e+02 -7.542700000000000671e+01
-1.605310000000000059e+02 -7.544029999999999347e+01
-1.612330000000000041e+02 -7.544939999999999714e+01
-1.620600000000000023e+02 -7.546210000000000662e+01
-1.627580000000000098e+02 -7.547259999999999991e+01
-1.634420000000000073e+02 -7.548690000000000566e+01
-1.641419999999999959e+02 -7.550130000000000052e+01
-1.648420000000000130e+02 -7.552509999999999479e+01
-1.655459999999999923e+02 -7.555899999999999750e+01
-1.664230000000000018e+02 -7.560110000000000241e+01
-1.671189999999999998e+02 -7.564570000000000505e+01
-1.678089999999999975e+02 -7.571490000000000009e+01
-1.685049999999999955e+02 -7.578889999999999816e+01
-1.693149999999999977e+02 -7.586390000000000100e+01
-1.699970000000000141e+02 -7.597050000000000125e+01
-1.706740000000000066e+02 -7.609250000000000114e+01
-1.713449999999999989e+02 -7.622480000000000189e+01
-1.720060000000000002e+02 -7.637789999999999679e+01
-1.726510000000000105e+02 -7.655259999999999820e+01
-1.734230000000000018e+02 -7.674309999999999832e+01
-1.740670000000000073e+02 -7.695600000000000307e+01
-1.746819999999999879e+02 -7.719650000000000034e+01
-1.752789999999999964e+02 -7.746070000000000277e+01
-1.759859999999999900e+02 -7.773810000000000286e+01
-1.765360000000000014e+02 -7.803929999999999723e+01
-1.770860000000000127e+02 -7.836279999999999291e+01
-1.776200000000000045e+02 -7.870619999999999550e+01
-1.781390000000000100e+02 -7.907070000000000221e+01
-1.786289999999999907e+02 -7.944970000000000709e+01
-1.792330000000000041e+02 -7.990009999999999479e+01
-1.796790000000000020e+02 -8.031529999999999347e+01
-1.800989999999999895e+02 -8.073340000000000316e+01
-1.805149999999999864e+02 -8.117069999999999652e+01
-1.810529999999999973e+02 -8.169700000000000273e+01
-1.814279999999999973e+02 -8.216339999999999577e+01
-1.818029999999999973e+02 -8.262430000000000518e+01
-1.821630000000000109e+02 -8.308620000000000516e+01
-1.824929999999999950e+02 -8.356740000000000634e+01
-1.828029999999999973e+02 -8.404930000000000234e+01
-1.832179999999999893e+02 -8.463779999999999859e+01
-1.835600000000000023e+02 -8.512839999999999918e+01
-1.838950000000000102e+02 -8.560169999999999391e+01
-1.842019999999999982e+02 -8.607030000000000314e+01
-1.846150000000000091e+02 -8.668389999999999418e+01
-1.849190000000000111e+02 -8.715600000000000591e+01
-1.852150000000000034e+02 -8.759749999999999659e+01
-1.855020000000000095e+02 -8.798510000000000275e+01
-1.857570000000000050e+02 -8.835819999999999652e+01
-1.859910000000000139e+02 -8.868689999999999429e+01
-1.862709999999999866e+02 -8.910080000000000666e+01
-1.864629999999999939e+02 -8.936709999999999354e+01
-1.866260000000000048e+02 -8.960179999999999723e+01
-1.867719999999999914e+02 -8.979210000000000491e+01
-1.869370000000000118e+02 -9.008459999999999468e+01
-1.870329999999999870e+02 -9.019950000000000045e+01
-1.871150000000000091e+02 -9.030910000000000082e+01
-1.871980000000000075e+02 -9.040470000000000539e+01
-1.872839999999999918e+02 -9.051290000000000191e+01
-1.873830000000000098e+02 -9.063070000000000448e+01
-1.875749999999999886e+02 -9.095369999999999777e+01
-1.876839999999999975e+02 -9.107890000000000441e+01
-1.878009999999999877e+02 -9.120260000000000389e+01
-1.879250000000000114e+02 -9.134459999999999980e+01
-1.881659999999999968e+02 -9.170799999999999841e+01
-1.883079999999999927e+02 -9.186100000000000421e+01
-1.884470000000000027e+02 -9.203730000000000189e+01
-1.885989999999999895e+02 -9.220109999999999673e+01
-1.887589999999999861e+02 -9.238509999999999422e+01
-1.889159999999999968e+02 -9.258249999999999602e+01
-1.891479999999999961e+02 -9.300860000000000127e+01
-1.893180000000000121e+02 -9.322289999999999566e+01
-1.895120000000000005e+02 -9.346609999999999729e+01
-1.897379999999999995e+02 -9.374129999999999541e+01
-1.900639999999999930e+02 -9.416209999999999525e+01
-1.903209999999999980e+02 -9.451420000000000243e+01
-1.906020000000000039e+02 -9.487009999999999366e+01
-1.909000000000000057e+02 -9.523290000000000077e+01
-1.912179999999999893e+02 -9.561790000000000589e+01
-1.915509999999999877e+02 -9.601919999999999789e+01
-1.919410000000000025e+02 -9.647560000000000002e+01
-1.922920000000000016e+02 -9.689969999999999573e+01
-1.926670000000000016e+02 -9.734579999999999700e+01
-1.930699999999999932e+02 -9.781310000000000571e+01
-1.935840000000000032e+02 -9.844650000000000034e+01
-1.940180000000000007e+02 -9.894960000000000377e+01
-1.944590000000000032e+02 -9.944679999999999609e+01
-1.949149999999999920e+02 -9.996790000000000020e+01
-1.953770000000000095e+02 -1.005040000000000049e+02
-1.958530000000000086e+02 -1.010490000000000066e+02
-1.964319999999999879e+02 -1.017500000000000000e+02
-1.969209999999999923e+02 -1.023040000000000020e+02
-1.974099999999999966e+02 -1.028689999999999998e+02
-1.979120000000000061e+02 -1.034659999999999940e+02
-1.985289999999999964e+02 -1.042139999999999986e+02
-1.990490000000000066e+02 -1.048100000000000023e+02
-1.995869999999999891e+02 -1.054300000000000068e+02
-2.001260000000000048e+02 -1.060409999999999968e+02
-2.006719999999999970e+02 -1.066620000000000061e+02
-2.012160000000000082e+02 -1.072860000000000014e+02
-2.017930000000000064e+02 -1.079749999999999943e+02
-2.023350000000000080e+02 -1.085900000000000034e+02
-2.028870000000000005e+02 -1.092139999999999986e+02
-2.034360000000000070e+02 -1.098359999999999985e+02
-2.039869999999999948e+02 -1.104740000000000038e+02
-2.045840000000000032e+02 -1.112030000000000030e+02
-2.051390000000000100e+02 -1.118520000000000039e+02
-2.056879999999999882e+02 -1.124920000000000044e+02
-2.062470000000000141e+02 -1.131320000000000050e+02
-2.068009999999999877e+02 -1.137849999999999966e+02
-2.073789999999999907e+02 -1.144779999999999944e+02
-2.079259999999999877e+02 -1.151170000000000044e+02
-2.084639999999999986e+02 -1.157579999999999956e+02
-2.090010000000000048e+02 -1.163840000000000003e+02
-2.095260000000000105e+02 -1.170160000000000053e+02
-2.100730000000000075e+02 -1.176959999999999980e+02
-2.105790000000000077e+02 -1.183130000000000024e+02
-2.110809999999999889e+02 -1.189290000000000020e+02
-2.115860000000000127e+02 -1.195370000000000061e+02
-2.120780000000000030e+02 -1.201260000000000048e+02
-2.125790000000000077e+02 -1.207960000000000065e+02
-2.130420000000000016e+02 -1.213949999999999960e+02
-2.135099999999999909e+02 -1.219729999999999990e+02
-2.139670000000000130e+02 -1.225460000000000065e+02
-2.144060000000000059e+02 -1.231179999999999950e+02
-2.148660000000000139e+02 -1.237510000000000048e+02
-2.152969999999999970e+02 -1.243199999999999932e+02
-2.157160000000000082e+02 -1.248719999999999999e+02
-2.161169999999999902e+02 -1.254180000000000064e+02
-2.164979999999999905e+02 -1.259590000000000032e+02
-2.169019999999999868e+02 -1.265679999999999978e+02
-2.172640000000000100e+02 -1.271140000000000043e+02
-2.175989999999999895e+02 -1.276610000000000014e+02
-2.179329999999999927e+02 -1.282129999999999939e+02
-2.182309999999999945e+02 -1.287680000000000007e+02
-2.185550000000000068e+02 -1.294079999999999870e+02
-2.187980000000000018e+02 -1.299639999999999986e+02
-2.190339999999999918e+02 -1.305180000000000007e+02
-2.192330000000000041e+02 -1.310829999999999984e+02
-2.193849999999999909e+02 -1.316779999999999973e+02
-2.196270000000000095e+02 -1.323619999999999948e+02
-2.197589999999999861e+02 -1.329600000000000080e+02
-2.198720000000000141e+02 -1.335639999999999930e+02
-2.199490000000000123e+02 -1.341500000000000057e+02
-2.199979999999999905e+02 -1.347400000000000091e+02
-2.200660000000000025e+02 -1.353029999999999973e+02
-2.200800000000000125e+02 -1.358930000000000007e+02
-2.200699999999999932e+02 -1.364979999999999905e+02
-2.200500000000000114e+02 -1.370879999999999939e+02
-2.199960000000000093e+02 -1.376730000000000018e+02
-2.198950000000000102e+02 -1.382620000000000005e+02
-2.198209999999999980e+02 -1.388640000000000043e+02
